3
42
441
522
531
4440
4512
4530
5241
5340
5511
5520
6222
6231
6312
6330
6411
6420
44502
45141
45501
46122
46131
46302
46401
52440
52512
52530
53502
55140
55500
56112
56130
56202
56400
62241
62340
62511
62520
63141
63501
64140
64500
66111
66120
66201
66300
72222
72231
72312
72330
72411
72420
73122
73131
73302
73401
74112
74130
74202
74400
75111
75120
75201
75300
4(51)2
4(450)2
4(612)2
4(630)2
4(4602)2
4(5601)2
4(7122)2
4(7131)2
4(7302)2
4(7401)2
4(47022)2
4(47031)2
4(55050)2
4(57012)2
4(57030)2
4(61350)2
4(61611)2
4(61620)2
4(64050)2
4(67011)2
4(67020)2
4(81222)2
4(81231)2
4(81312)2
4(81330)2
4(81411)2
4(81420)2
4(83022)2
4(83031)2
4(84012)2
4(84030)2
4(85011)2
4(85020)2
44(603)1
44(6051)1
44(7023)1
44(7041)1
44(50514)1
44(70251)1
44(70350)1
44(70611)1
44(70620)1
44(80223)1
44(80241)1
44(80313)1
44(80340)1
44(80511)1
44(80520)1
5(711)22
5(720)22
5(5700)22
5(8112)22
5(8130)22
5(8202)22
5(8400)22
5(25161)22
5(58002)22
5(61701)22
5(68001)22
5(91122)22
5(91131)22
5(91302)22
5(91401)22
5(92022)22
5(92031)22
5(94002)22
5(95001)22
45(60)12
45(1515)12
45(8013)12
45(8040)12
45(16305)12
45(70701)12
45(90123)12
45(90141)12
45(90303)12
45(90501)12
55(8004)11
55(80061)11
55(90024)11
55(90051)11
6(9111)222
6(9120)222
6(9201)222
6(9300)222
6(69000)222
6(a1112)222
6(a1130)222
6(a1202)222
6(a1400)222
6(a2012)222
6(a2030)222
6(a3002)222
6(a5000)222
46(801)122
46(70800)122
46(a0113)122
46(a0140)122
46(a0203)122
46(a0500)122
56(a0014)112
56(a0050)112
66(a0005)111
47(a011)1222
47(a020)1222
57(900)1122
