4
53
552
633
642
5551
5623
5641
6352
6451
6622
6631
55550
55613
55640
56252
56450
56612
56630
63551
63623
63641
64550
64613
64640
66251
66350
66611
66620
555603
556152
556602
562551
562623
562641
564603
566151
566601
635550
635613
635640
636252
636450
636612
636630
645603
646152
646602
662550
662613
662640
663603
666150
666600
5556052
5561551
5561623
5561641
5566051
5625550
5625613
5625640
5626252
5626450
5626612
5626630
5646052
5661550
5661613
5661640
5666050
6355603
6356152
6356602
6362551
6362623
6362641
6364603
6366151
6366601
6456052
6461551
6461623
6461641
6466051
6625603
6626152
6626602
6636052
6661603
55560551
55560623
55560641
55615550
55615613
55615640
55616252
55616450
55616612
55616630
55660550
55660613
55660640
56255603
56256152
56256602
56262551
56262623
56262641
56264603
56266151
56266601
56460551
56460623
56460641
56615603
56616152
56616602
56660603
63556052
63561551
63561623
63561641
63566051
63625550
63625613
63625640
63626252
63626450
63626612
63626630
63646052
63661550
63661613
63661640
63666050
64560551
64560623
64560641
64615550
64615613
64615640
64616252
64616450
64616612
64616630
64660550
64660613
64660640
66256052
66261551
66261623
66261641
66266051
66360551
66360623
66360641
66616052
5(62)3
5(561)3
5(5560)3
5(6262)3
5(6460)3
5(56162)3
5(66161)3
5(556062)3
5(561561)3
5(566061)3
5(626262)3
5(626460)3
5(661560)3
5(666060)3
5(5560561)3
5(5616262)3
5(5616460)3
5(5660560)3
5(6266161)3
5(55605560)3
5(55606262)3
5(55606460)3
5(56156162)3
5(56166161)3
5(56606162)3
5(62626262)3
5(62626460)3
5(62661560)3
5(62666060)3
5(64606460)3
5(66166061)3
55(660)2
55(660660)2
