4446777001
4447771600
4447777000
4456770601
4457716600
4457717500
4457770150
4457770600
4466770051
4467716050
4467717040
4467770014
4467770050
4473777001
4474770601
4475770051
4477277002
4477716004
4477717003
4477770004
4536777001
4537771600
4537777000
4556706601
4556707501
4557166600
4557167500
4557175600
4557177400
4557706150
4557706600
4557707140
4557707500
4562777020
4566706051
4566707041
4567166050
4567167040
4567175050
4567177030
4567701550
4567701640
4567706014
4567706050
4567707013
4567707040
4572677002
4572777001
4574706601
4574707501
4575706051
4575707041
4577166004
4577167003
4577175004
4577177002
4577701504
4577701603
4577706004
4577707003
4636770601
4637716600
4637717500
4637770150
4637770600
4646706601
4646707501
4647166600
4647167500
4647175600
4647177400
4647706150
4647706600
4647707140
4647707500
4662770620
4666700551
4666700641
4667160550
4667160640
4667170450
4667170630
4667700514
4667700550
4667700613
4667700640
4672670602
4672770601
4673706601
4673707501
4675700551
4675700641
4677160504
4677160603
4677170404
4677170602
4677206602
4677207502
4677700144
4677700153
4677700504
4677700603
4736770051
4737716050
4737717040
4737770014
4737770050
4742777020
4746706051
4746707041
4747166050
4747167040
4747175050
4747177030
4747701550
4747701640
4747706014
4747706050
4747707013
4747707040
4752770620
4756700551
4756700641
4757160550
4757160640
4757170450
4757170630
4757700514
4757700550
4757700613
4757700640
4772670052
4772770024
4772770051
4773706051
4773707041
4774700551
4774700641
4777160044
4777160053
4777170034
4777170052
4777206052
4777207042
4777700044
4777700053
5346777001
5347771600
5347777000
5356770601
5357716600
5357717500
5357770150
5357770600
5366770051
5367716050
5367717040
5367770014
5367770050
5373777001
5374770601
5375770051
5377277002
5377716004
5377717003
5377770004
5525777020
5526777001
5527727500
5527771600
5527772050
5527777000
5551666600
5551667500
5551675600
5551677400
5551756600
5551757500
5551774600
5551777300
5556066601
5556067501
5556075601
5556077401
5557066150
5557066600
5557067140
5557067500
5557075150
5557075600
5557077130
5557077400
5561666050
5561667040
5561675050
5561677030
5561756050
5561757040
5561774050
5561777020
5566066051
5566067041
5566075051
5566077031
5567061550
5567061640
5567066014
5567066050
5567067013
5567067040
5567071450
5567071630
5567075014
5567075050
5567077012
5567077030
5571666004
5571667003
5571675004
5571677002
5571756004
5571757003
5571774004
5571777001
5574066601
5574067501
5574075601
5574077401
5575066051
5575067041
5575075051
5575077031
5577061504
5577061603
5577066004
5577067003
5577071404
5577071602
5577072052
5577075004
5577077002
5626770601
5627277400
5627716600
5627717500
5627770150
5627770204
5627770600
5641666600
5641667500
5641675600
5641677400
5641756600
5641757500
5641774600
5641777300
5646066601
5646067501
5646075601
5646077401
5647066150
5647066600
5647067140
5647067500
5647075150
5647075600
5647077130
5647077202
5647077400
5661660550
5661660640
5661670450
5661670630
5661750550
5661750640
5661770350
5661770620
5666060551
5666060641
5666070451
5666070631
5667015550
5667015640
5667016450
5667016630
5667017440
5667017530
5667060514
5667060550
5667060613
5667060640
5667070414
5667070450
5667070612
5667070630
5671660504
5671660603
5671670404
5671670602
5671750504
5671750603
5671770304
5671770601
5673066601
5673067501
5673075601
5673077401
5675060551
5675060641
5675070451
5675070631
5677015504
5677015603
5677016404
5677016602
5677017403
5677017502
5677060144
5677060153
5677060504
5677060603
5677070134
5677070152
5677070404
5677070602
5723777020
5724770620
5726770024
5726770051
5727267040
5727275050
5727277030
5727570052
5727716050
5727717040
5727720550
5727720640
5727770014
5727770050
5741666050
5741667040
5741675050
5741677030
5741756050
5741757040
5741774050
5741777020
5746066051
5746067041
5746075051
5746077022
5746077031
5747061550
5747061640
5747066014
5747066050
5747067013
5747067040
5747071450
5747071630
5747075014
5747075050
5747077012
5747077030
5751660550
5751660640
5751670450
5751670630
5751750550
5751750640
5751770350
5751770620
5756060551
5756060641
5756070451
5756070631
5757015550
5757015640
5757016450
5757016630
5757017440
5757017530
5757060514
5757060550
5757060613
5757060640
5757070414
5757070450
5757070612
5757070630
5771660044
5771660053
5771670034
5771670052
5771750044
5771750053
5771770024
5771770051
5773066051
5773067041
5773075051
5773077022
5773077031
5774060551
5774060641
5774070451
5774070622
5774070631
5777015044
5777015053
5777016034
5777016052
5777017033
5777017042
5777020552
5777020642
5777060044
5777060053
5777070034
5777070052
6336777001
6337771600
6337777000
6356706601
6356707501
6357166600
6357167500
6357175600
6357177400
6357706150
6357706600
6357707140
6357707500
6362777020
6366706051
6366707041
6367166050
6367167040
6367175050
6367177030
6367701550
6367701640
6367706014
6367706050
6367707013
6367707040
6372677002
6372777001
6374706601
6374707501
6375706051
6375707041
6377166004
6377167003
6377175004
6377177002
6377701504
6377701603
6377706004
6377707003
6425777020
6426677002
6426777001
6427577002
6427726600
6427727500
6427771600
6427772050
6427777000
6451666600
6451667500
6451675600
6451677400
6451756600
6451757500
6451774600
6451777300
6456066601
6456067501
6456075601
6456077401
6457066150
6457066600
6457067140
6457067500
6457075150
6457075600
6457077130
6457077202
6457077400
6461666050
6461667040
6461675050
6461677030
6461756050
6461757040
6461774050
6461777020
6466066051
6466067041
6466075051
6466077022
6466077031
6467061550
6467061640
6467066014
6467066050
6467067013
6467067040
6467071450
6467071630
6467075014
6467075050
6467077012
6467077030
6471666004
6471667003
6471675004
6471677002
6471756004
6471757003
6471774004
6471777001
6474066601
6474067501
6474075601
6474077401
6475066051
6475067041
6475075051
6475077022
6475077031
6477026602
6477027502
6477061504
6477061603
6477066004
6477067003
6477071404
6477071602
6477072052
6477075004
6477077002
6622677400
6622774600
6622777300
6626706601
6626707501
6627166600
6627167500
6627175600
6627177400
6627702640
6627706150
6627706204
6627706600
6627707140
6627707203
6627707500
6631666600
6631667500
6631675600
6631677400
6631756600
6631757500
6631774600
6631777300
6636066601
6636067501
6636075601
6636077401
6637066150
6637066600
6637067140
6637067500
6637075150
6637075600
6637077130
6637077202
6637077400
6661605550
6661605640
6661606450
6661606630
6661607440
6661607530
6661704550
6661704640
6661706350
6661706620
6661707340
6661707520
6662077420
6666005551
6666005641
6666006451
6666006631
6666007441
6666007531
6667005514
6667005550
6667005613
6667005640
6667006414
6667006450
6667006612
6667006630
6667007242
6667007413
6667007440
6667007512
6667007530
6671605504
6671605603
6671606404
6671606602
6671607403
6671607502
6671704504
6671704603
6671706304
6671706601
6671707303
6671707501
6672066601
6672067501
6672074602
6672075601
6672077302
6672077401
6675005551
6675005641
6675006451
6675006631
6675007441
6675007531
6677002642
6677005144
6677005153
6677005504
6677005603
6677006134
6677006152
6677006404
6677006602
6677007133
6677007142
6677007403
6677007502
6722667040
6722677030
6722757040
6722774050
6722777020
6724706620
6724707520
6726607042
6726706024
6726706051
6726707023
6726707041
6727166050
6727167040
6727175050
6727177030
6727507042
6727701550
6727701640
6727706014
6727706050
6727707013
6727707040
6731666050
6731667040
6731675050
6731677030
6731756050
6731757040
6731774050
6731777020
6736066051
6736067041
6736075051
6736077022
6736077031
6737061550
6737061640
6737066014
6737066050
6737067013
6737067040
6737071450
6737071630
6737075014
6737075050
6737077012
6737077030
6751605550
6751605640
6751606450
6751606630
6751607440
6751607530
6751704550
6751704640
6751706350
6751706620
6751707340
6751707520
6752077420
6756005551
6756005641
6756006451
6756006631
6756007441
6756007531
6757005514
6757005550
6757005613
6757005640
6757006414
6757006450
6757006612
6757006630
6757007242
6757007413
6757007440
6757007512
6757007530
6771605044
6771605053
6771606034
6771606052
6771607033
6771607042
6771704044
6771704053
6771706024
6771706051
6771707023
6771707041
6772057042
6772066024
6772066051
6772067023
6772067041
6772074052
6772075024
6772075051
6772077022
6772077031
6774005551
6774005641
6774006451
6774006622
6774006631
6774007441
6774007522
6774007531
6777001444
6777001453
6777001534
6777001552
6777001633
6777001642
6777005044
6777005053
6777006034
6777006052
6777007033
6777007042
7336770601
7337716600
7337717500
7337770150
7337770600
7346706601
7346707501
7347166600
7347167500
7347175600
7347177400
7347706150
7347706600
7347707140
7347707500
7362770620
7366700551
7366700641
7367160550
7367160640
7367170450
7367170630
7367700514
7367700550
7367700613
7367700640
7372670602
7372770601
7373706601
7373707501
7375700551
7375700641
7377160504
7377160603
7377170404
7377170602
7377206602
7377207502
7377700144
7377700153
7377700504
7377700603
7425770620
7426670602
7426770601
7427266600
7427267500
7427275600
7427277400
7427570602
7427716600
7427717500
7427770150
7427770204
7427770600
7441666600
7441667500
7441675600
7441677400
7441756600
7441757500
7441774600
7441777300
7446066601
7446067501
7446075601
7446077401
7447066150
7447066600
7447067140
7447067500
7447075150
7447075600
7447077130
7447077202
7447077400
7461660550
7461660640
7461670450
7461670630
7461750550
7461750640
7461770350
7461770620
7466060551
7466060641
7466070451
7466070622
7466070631
7467015550
7467015640
7467016450
7467016630
7467017440
7467017530
7467060514
7467060550
7467060613
7467060640
7467070252
7467070414
7467070450
7467070612
7467070630
7471660504
7471660603
7471670404
7471670602
7471750504
7471750603
7471770304
7471770601
7473066601
7473067501
7473075601
7473077401
7475060551
7475060641
7475070451
7475070622
7475070631
7477015504
7477015603
7477016404
7477016602
7477017403
7477017502
7477060144
7477060153
7477060504
7477060603
7477070134
7477070152
7477070404
7477070602
7522677400
7522757500
7522774600
7522777300
7525707520
7526706601
7526707501
7527166600
7527167500
7527175600
7527177400
7527507502
7527702550
7527702640
7527706150
7527706204
7527706600
7527707140
7527707203
7527707500
7531666600
7531667500
7531675600
7531677400
7531756600
7531757500
7531774600
7531777300
7536066601
7536067501
7536075601
7536077401
7537066150
7537066600
7537067140
7537067500
7537075150
7537075600
7537077130
7537077202
7537077400
7561605550
7561605640
7561606450
7561606630
7561607440
7561607530
7561704550
7561704640
7561706350
7561706620
7561707340
7561707520
7562077420
7566005551
7566005641
7566006451
7566006631
7566007441
7566007531
7567005514
7567005550
7567005613
7567005640
7567006414
7567006450
7567006612
7567006630
7567007242
7567007413
7567007440
7567007512
7567007530
7571605504
7571605603
7571606404
7571606602
7571607403
7571607502
7571704504
7571704603
7571706304
7571706601
7571707303
7571707501
7572057502
7572066601
7572067501
7572074602
7572075601
7572077302
7572077401
7575005551
7575005641
7575006451
7575006631
7575007441
7575007522
7575007531
7577002552
7577002642
7577005144
7577005153
7577005504
7577005603
7577006134
7577006152
7577006404
7577006602
7577007133
7577007142
7577007403
7577007502
7722660640
7722670450
7722670630
7722750550
7722750640
7722770350
7722770620
7723706620
7723707520
7726600642
7726700524
7726700551
7726700623
7726700641
7727160550
7727160640
7727170450
7727170630
7727205640
7727206450
7727206630
7727207440
7727207530
7727500552
7727500642
7727700244
7727700253
7727700514
7727700550
7727700613
7727700640
7731660550
7731660640
7731670450
7731670630
7731750550
7731750640
7731770350
7731770620
7736060551
7736060641
7736070451
7736070622
7736070631
7737015550
7737015640
7737016450
7737016630
7737017440
7737017530
7737060514
7737060550
7737060613
7737060640
7737070252
7737070414
7737070450
7737070612
7737070630
7741605550
7741605640
7741606450
7741606630
7741607440
7741607530
7741704550
7741704640
7741706350
7741706620
7741707340
7741707520
7742066620
7742067520
7742075620
7742077420
7746005551
7746005641
7746006451
7746006622
7746006631
7746007441
7746007522
7746007531
7747005514
7747005550
7747005613
7747005640
7747006252
7747006414
7747006450
7747006612
7747006630
7747007242
7747007413
7747007440
7747007512
7747007530
7771600444
7771600453
7771600534
7771600552
7771600633
7771600642
7771700344
7771700353
7771700524
7771700551
7771700623
7771700641
7772050552
7772050642
7772060524
7772060551
7772060623
7772060641
7772070352
7772070424
7772070451
7772070622
7772070631
7773005551
7773005641
7773006451
7773006622
7773006631
7773007441
7773007522
7773007531
7777000444
7777000453
7777000534
7777000552
7777000633
7777000642
5(5257570702)3
5(5560566061)3
5(5560575061)3
5(5560661560)3
5(5560661740)3
5(5560666060)3
5(5560671460)3
5(5560671730)3
5(5560675060)3
5(5560746061)3
5(5560751560)3
5(5560751740)3
5(5560756060)3
5(5560771360)3
5(5560771720)3
5(5560773061)3
5(5560774060)3
5(5570366701)3
5(5570375701)3
5(5570466061)3
5(5570475061)3
5(5570661703)3
5(5570671702)3
5(5570726701)3
5(5570736061)3
5(5570751703)3
5(5570771701)3
5(5570772025)3
5(5570772061)3
5(5615660560)3
5(5615660740)3
5(5615670460)3
5(5615670730)3
5(5615750560)3
5(5615750740)3
5(5615770360)3
5(5615770720)3
5(5616660703)3
5(5616670702)3
5(5616750703)3
5(5616770701)3
5(5617266700)3
5(5617275700)3
5(5617460560)3
5(5617460740)3
5(5617470460)3
5(5617470730)3
5(5617560703)3
5(5617570702)3
5(5617716700)3
5(5617730560)3
5(5617730740)3
5(5617740703)3
5(5617770160)3
5(5617770700)3
5(5660560741)3
5(5660570461)3
5(5660570731)3
5(5660615740)3
5(5660616460)3
5(5660616730)3
5(5660660560)3
5(5660660713)3
5(5660660740)3
5(5660670460)3
5(5660670712)3
5(5660670730)3
5(5660714560)3
5(5660714740)3
5(5660716360)3
5(5660716720)3
5(5660740741)3
5(5660750560)3
5(5660750713)3
5(5660750740)3
5(5660770261)3
5(5660770360)3
5(5660770711)3
5(5660770720)3
5(5670266701)3
5(5670274702)3
5(5670275701)3
5(5670460741)3
5(5670470461)3
5(5670470722)3
5(5670470731)3
5(5670615703)3
5(5670616702)3
5(5670660703)3
5(5670670162)3
5(5670670702)3
5(5670714703)3
5(5670716701)3
5(5670730741)3
5(5670750703)3
5(5670770161)3
5(5670770701)3
5(5713666060)3
5(5713675060)3
5(5713756060)3
5(5713774060)3
5(5714660560)3
5(5714660740)3
5(5714670460)3
5(5714670730)3
5(5714750560)3
5(5714750740)3
5(5714770360)3
5(5714770720)3
5(5716670062)3
5(5716770061)3
5(5717266060)3
5(5717275060)3
5(5717360560)3
5(5717360740)3
5(5717370460)3
5(5717370730)3
5(5717570062)3
5(5717716060)3
5(5717720560)3
5(5717720740)3
5(5717770060)3
5(5740575061)3
5(5740661560)3
5(5740661740)3
5(5740666060)3
5(5740671460)3
5(5740671730)3
5(5740675060)3
5(5740726720)3
5(5740746061)3
5(5740751560)3
5(5740751740)3
5(5740756060)3
5(5740771360)3
5(5740771720)3
5(5740773061)3
5(5740774060)3
5(5750560741)3
5(5750570461)3
5(5750570722)3
5(5750570731)3
5(5750616460)3
5(5750616730)3
5(5750660560)3
5(5750660713)3
5(5750660740)3
5(5750670460)3
5(5750670712)3
5(5750670730)3
5(5750714560)3
5(5750714740)3
5(5750716360)3
5(5750716720)3
5(5750740741)3
5(5750750560)3
5(5750750713)3
5(5750750740)3
5(5750770225)3
5(5750770261)3
5(5750770360)3
5(5750770711)3
5(5750770720)3
5(5770266061)3
5(5770274062)3
5(5770275061)3
5(5770360741)3
5(5770370461)3
5(5770370722)3
5(5770370731)3
5(5770616062)3
5(5770670062)3
5(5770716061)3
5(5770720723)3
5(5770720741)3
5(5770770061)3
5(6262774060)3
5(6264706720)3
5(6266706061)3
5(6267166060)3
5(6267175060)3
5(6267701560)3
5(6267701740)3
5(6267706060)3
5(6274606702)3
5(6274706701)3
5(6275706061)3
5(6277306702)3
5(6277701703)3
5(6460661560)3
5(6460661740)3
5(6460666060)3
5(6460671460)3
5(6460671730)3
5(6460675060)3
5(6460726720)3
5(6460746061)3
5(6460751560)3
5(6460751740)3
5(6460756060)3
5(6460771360)3
5(6460771720)3
5(6460773061)3
5(6460774060)3
5(6470366701)3
5(6470375701)3
5(6470466061)3
5(6470475061)3
5(6470626702)3
5(6470661703)3
5(6470671702)3
5(6470726701)3
5(6470736061)3
5(6470751703)3
5(6470771701)3
5(6470772061)3
5(6615606730)3
5(6615704560)3
5(6615704740)3
5(6615706360)3
5(6615706720)3
5(6616605703)3
5(6616606702)3
5(6616704703)3
5(6616706701)3
5(6617166700)3
5(6617175700)3
5(6617406730)3
5(6617505703)3
5(6617506702)3
5(6617702560)3
5(6617702740)3
5(6617703703)3
5(6617706160)3
5(6617706700)3
5(6660606712)3
5(6660606730)3
5(6660703741)3
5(6660704560)3
5(6660704713)3
5(6660704740)3
5(6660706261)3
5(6660706360)3
5(6660706711)3
5(6660706720)3
5(6670166701)3
5(6670174702)3
5(6670175701)3
5(6670605703)3
5(6670606702)3
5(6670702723)3
5(6670702741)3
5(6670704703)3
5(6670706161)3
5(6670706701)3
5(6712675060)3
5(6712756060)3
5(6712774060)3
5(6714606730)3
5(6714704560)3
5(6714704740)3
5(6714706360)3
5(6714706720)3
5(6716706061)3
5(6717166060)3
5(6717175060)3
5(6717306730)3
5(6717701560)3
5(6717701740)3
5(6717706060)3
5(6730675060)3
5(6730726720)3
5(6730746061)3
5(6730751560)3
5(6730751740)3
5(6730756060)3
5(6730771360)3
5(6730771720)3
5(6730773061)3
5(6730774060)3
5(6750703741)3
5(6750704560)3
5(6750704713)3
5(6750704740)3
5(6750706261)3
5(6750706360)3
5(6750706711)3
5(6750706720)3
5(6770166061)3
5(6770175061)3
5(6770701723)3
5(6770701741)3
5(6770706061)3
5(7237266700)3
5(7237275700)3
5(7237570702)3
5(7237716700)3
5(7237770160)3
5(7237770700)3
5(7245706720)3
5(7246606702)3
5(7246706701)3
5(7247166700)3
5(7247175700)3
5(7247506702)3
5(7247702560)3
5(7247702740)3
5(7247706160)3
5(7247706700)3
5(7262660740)3
5(7262670460)3
5(7262670730)3
5(7262750740)3
5(7262770360)3
5(7262770720)3
5(7263706720)3
5(7266700741)3
5(7267160560)3
5(7267160740)3
5(7267170460)3
5(7267170730)3
5(7267700560)3
5(7267700713)3
5(7267700740)3
5(7272660703)3
5(7272670702)3
5(7272750703)3
5(7272770701)3
5(7273606702)3
5(7273706701)3
5(7275700741)3
5(7277160703)3
5(7277170702)3
5(7277205703)3
5(7277206702)3
5(7277700703)3
5(7417460560)3
5(7417460740)3
5(7417470460)3
5(7417470730)3
5(7417560703)3
5(7417570702)3
5(7417716700)3
5(7417730560)3
5(7417730740)3
5(7417740703)3
5(7417770160)3
5(7417770700)3
5(7460570461)3
5(7460570722)3
5(7460570731)3
5(7460660560)3
5(7460660713)3
5(7460660740)3
5(7460670460)3
5(7460670712)3
5(7460670730)3
5(7460714560)3
5(7460714740)3
5(7460716360)3
5(7460716720)3
5(7460750560)3
5(7460750713)3
5(7460750740)3
5(7460770261)3
5(7460770360)3
5(7460770711)3
5(7460770720)3
5(7470274702)3
5(7470275701)3
5(7470470461)3
5(7470470722)3
5(7470470731)3
5(7470615703)3
5(7470616702)3
5(7470660703)3
5(7470670702)3
5(7470714703)3
5(7470716701)3
5(7470750703)3
5(7470770161)3
5(7470770701)3
5(7515704560)3
5(7515704740)3
5(7515706360)3
5(7515706720)3
5(7516605703)3
5(7516606702)3
5(7516704703)3
5(7516706701)3
5(7517166700)3
5(7517175700)3
5(7517505703)3
5(7517506702)3
5(7517702560)3
5(7517702740)3
5(7517703703)3
5(7517706160)3
5(7517706700)3
5(7560704560)3
5(7560704713)3
5(7560704740)3
5(7560706261)3
5(7560706360)3
5(7560706711)3
5(7560706720)3
5(7570175701)3
5(7570605703)3
5(7570606702)3
5(7570704703)3
5(7570706161)3
5(7570706701)3
5(7712660560)3
5(7712660740)3
5(7712670460)3
5(7712670730)3
5(7712750560)3
5(7712750740)3
5(7712770360)3
5(7712770720)3
5(7713704560)3
5(7713704740)3
5(7713706360)3
5(7713706720)3
5(7717160560)3
5(7717160740)3
5(7717170460)3
5(7717170730)3
5(7717700560)3
5(7717700713)3
5(7717700740)3
5(7730570461)3
5(7730570722)3
5(7730570731)3
5(7730660560)3
5(7730660713)3
5(7730660740)3
5(7730670460)3
5(7730670712)3
5(7730670730)3
5(7730714560)3
5(7730714740)3
5(7730716360)3
5(7730716720)3
5(7730750560)3
5(7730750713)3
5(7730750740)3
5(7730770261)3
5(7730770360)3
5(7730770711)3
5(7730770720)3
5(7740704560)3
5(7740704713)3
5(7740704740)3
5(7740706261)3
5(7740706360)3
5(7740706711)3
5(7740706720)3
5(7770170461)3
5(7770170722)3
5(7770170731)3
55(2557702750)2
55(5704660660)2
55(5704660714)2
55(5704660750)2
55(5704714660)2
55(5704714750)2
55(5704717360)2
55(5704717720)2
55(5704750660)2
55(5704750714)2
55(5704750750)2
55(5706267061)2
55(5706617062)2
55(5706717061)2
55(5707247062)2
55(5707261660)2
55(5707261750)2
55(5707267060)2
55(5707360660)2
55(5707360714)2
55(5707360750)2
55(5707517062)2
55(5707711660)2
55(5707711750)2
55(5707717060)2
55(5707720660)2
55(5707720714)2
55(5707720750)2
55(6606607162)2
55(6606607702)2
55(6606704704)2
55(6606707161)2
55(6606707701)2
55(6607147702)2
55(6607162750)2
55(6607163704)2
55(6607167160)2
55(6607167700)2
55(6607507162)2
55(6607507702)2
55(6607702714)2
55(6607702750)2
55(6607703704)2
55(6607707160)2
55(6607707700)2
55(6704704714)2
55(6704704750)2
55(6704707261)2
55(6704707360)2
55(6704707711)2
55(6704707720)2
55(6706167061)2
55(6706607062)2
55(6706707061)2
55(6707147062)2
55(6707161750)2
55(6707167060)2
55(6707507062)2
55(6707701714)2
55(6707701750)2
55(6707707060)2
55(7147167700)2
55(7147507702)2
55(7147702750)2
55(7147703704)2
55(7147707160)2
55(7147707700)2
55(7162750750)2
55(7163704750)2
55(7163707360)2
55(7163707720)2
55(7167160750)2
55(7167700750)2
55(7172660704)2
55(7172750704)2
55(7173607702)2
55(7173704704)2
55(7173707701)2
55(7177160704)2
55(7177207702)2
55(7177700704)2
55(7507507702)2
55(7507703704)2
55(7507707160)2
55(7507707700)2
55(7703707261)2
55(7703707360)2
55(7703707711)2
55(7703707720)2
555(5077272055)1
555(7066170661)1
555(7066170724)1
555(7066170751)1
555(7067170660)1
555(7067170714)1
555(7067170750)1
555(7072470724)1
555(7072470751)1
555(7072670704)1
555(7075170751)1
555(7077170704)1
56(6707067070)23
