444444
444453
444534
444552
444633
444642
445344
445353
445524
445551
445623
445641
446334
446352
446424
446451
446622
446631
447333
447342
447423
447441
447522
447531
453444
453453
453534
453552
453633
453642
455244
455253
455514
455550
455613
455640
456234
456252
456414
456450
456612
456630
457233
457242
457413
457440
457512
457530
463344
463353
463524
463551
463623
463641
464244
464253
464514
464550
464613
464640
466224
466251
466314
466350
466611
466620
467223
467241
467313
467340
467511
467520
473334
473352
473424
473451
473622
473631
474234
474252
474414
474450
474612
474630
475224
475251
475314
475350
475611
475620
477222
477231
477312
477330
477411
477420
534444
534453
534534
534552
534633
534642
535344
535353
535524
535551
535623
535641
536334
536352
536424
536451
536622
536631
537333
537342
537423
537441
537522
537531
552444
552453
552534
552552
552633
552642
555144
555153
555504
555603
556134
556152
556404
556602
557133
557142
557403
557502
562344
562353
562524
562551
562623
562641
564144
564153
564504
564603
566124
566151
566304
566601
567123
567141
567303
567501
572334
572352
572424
572451
572622
572631
574134
574152
574404
574602
575124
575151
575304
575601
577122
577131
577302
577401
633444
633453
633534
633552
633633
633642
635244
635253
635514
635550
635613
635640
636234
636252
636414
636450
636612
636630
637233
637242
637413
637440
637512
637530
642444
642453
642534
642552
642633
642642
645144
645153
645504
645603
646134
646152
646404
646602
647133
647142
647403
647502
662244
662253
662514
662550
662613
662640
663144
663153
663504
663603
666114
666150
666204
666600
667113
667140
667203
667500
672234
672252
672414
672450
672612
672630
673134
673152
673404
673602
675114
675150
675204
675600
677112
677130
677202
677400
733344
733353
733524
733551
733623
733641
734244
734253
734514
734550
734613
734640
736224
736251
736314
736350
736611
736620
737223
737241
737313
737340
737511
737520
742344
742353
742524
742551
742623
742641
744144
744153
744504
744603
746124
746151
746304
746601
747123
747141
747303
747501
752244
752253
752514
752550
752613
752640
753144
753153
753504
753603
756114
756150
756204
756600
757113
757140
757203
757500
772224
772251
772314
772350
772611
772620
773124
773151
773304
773601
774114
774150
774204
774600
777111
777120
777201
777300
5(556062)3
5(561561)3
5(561723)3
5(561741)3
5(566061)3
5(571362)3
5(571461)3
5(571722)3
5(571731)3
5(574062)3
5(575061)3
5(626262)3
5(626460)3
5(626712)3
5(626730)3
5(661560)3
5(661713)3
5(661740)3
5(666060)3
5(671460)3
5(671712)3
5(671730)3
5(675060)3
5(723723)3
5(723741)3
5(724560)3
5(724713)3
5(724740)3
5(726261)3
5(726360)3
5(726711)3
5(726720)3
5(741741)3
5(746061)3
5(751560)3
5(751713)3
5(751740)3
5(756060)3
5(771261)3
5(771360)3
5(771711)3
5(771720)3
5(773061)3
5(774060)3
55(660660)2
55(660714)2
55(660750)2
55(714714)2
55(714750)2
55(717261)2
55(717360)2
55(717711)2
55(717720)2
55(750750)2
56(717171)23
