445777020
446677002
446777001
447577002
447726600
447727500
447771600
447772050
447777000
453777300
455770620
456670602
456770601
457266600
457267500
457275600
457277400
457570602
457716600
457717500
457770150
457770204
457770600
463777020
464770620
466670052
466770024
466770051
467266050
467267040
467275050
467277030
467370630
467570052
467716050
467717040
467720550
467720640
467770014
467770050
473677002
473757003
473777001
474670602
474770601
475670052
475770024
475770051
477266004
477267003
477275004
477277002
477370602
477470052
477716004
477717003
477720504
477720603
477730053
477770004
534777300
535777020
536677002
536777001
537377400
537477030
537577002
537726600
537727500
537737040
537747003
537771600
537772050
537773004
537777000
552666600
552667500
552675600
552677400
552756600
552757500
552774600
552777300
555706620
555707520
556606602
556607502
556706601
556707501
557166600
557167500
557175600
557177400
557506602
557507502
557702550
557702640
557706150
557706204
557706600
557707140
557707203
557707500
562666050
562667040
562675050
562677030
562756050
562757040
562774050
562777020
564706620
564707520
566606052
566607042
566706024
566706051
566707023
566707041
567166050
567167040
567175050
567177030
567506052
567507042
567701550
567701640
567706014
567706050
567707013
567707040
572666004
572667003
572675004
572677002
572756004
572757003
572774004
572777001
574606602
574607502
574706601
574707303
574707501
575606052
575607042
575706024
575706051
575707023
575707041
577166004
577167003
577175004
577177002
577306602
577307403
577307502
577406052
577407033
577407042
577701504
577701603
577702044
577702053
577706004
577707003
633777300
635770620
636670602
636770601
637266600
637267500
637275600
637277400
637570602
637716600
637717500
637770150
637770204
637770600
642666600
642667500
642675600
642677400
642756600
642757500
642774600
642777300
645706620
645707520
646606602
646607502
646706601
646707501
647166600
647167500
647175600
647177400
647506602
647507502
647702550
647702640
647706150
647706204
647706600
647707140
647707203
647707500
662660550
662660640
662670450
662670630
662750550
662750640
662770350
662770620
663706620
663707520
666600552
666600642
666700524
666700551
666700623
666700641
667160550
667160640
667170450
667170630
667205550
667205640
667206450
667206630
667207440
667207530
667500552
667500642
667700244
667700253
667700514
667700550
667700613
667700640
672660504
672660603
672670404
672670602
672750504
672750603
672770304
672770601
673606602
673607502
673706601
673707303
673707501
675600552
675600642
675700524
675700551
675700623
675700641
677160504
677160603
677170404
677170602
677205504
677205603
677206404
677206602
677207403
677207502
677400552
677400642
677700144
677700153
677700504
677700603
733677030
733757040
733774050
733777020
734770350
734770620
736670052
736770024
736770051
737266050
737267040
737275050
737277030
737360640
737370450
737370630
737570034
737570052
737716050
737717040
737720550
737720640
737740053
737770014
737770050
742666050
742667040
742675050
742677030
742756050
742757040
742774050
742777020
744706620
744707520
746606052
746607033
746607042
746706024
746706051
746707023
746707041
747166050
747167040
747175050
747177030
747307530
747506052
747507033
747507042
747701550
747701640
747703053
747706014
747706050
747707013
747707040
752660550
752660640
752670450
752670630
752750550
752750640
752770350
752770620
753706620
753707340
753707520
756600552
756600642
756700524
756700551
756700623
756700641
757160550
757160640
757170450
757170630
757205550
757205640
757206450
757206630
757207440
757207530
757500552
757500642
757700244
757700253
757700514
757700550
757700613
757700640
772660044
772660053
772670034
772670052
772750044
772750053
772770024
772770051
773606052
773607033
773607042
773704053
773706024
773706051
773707023
773707041
774600552
774600633
774600642
774700353
774700524
774700551
774700623
774700641
777160044
777160053
777170034
777170052
777205044
777205053
777206034
777206052
777207033
777207042
777300453
777300534
777300552
777300633
777300642
777700044
777700053
5(556056702)3
5(556066701)3
5(556074702)3
5(556075701)3
5(557046702)3
5(557062560)3
5(557062740)3
5(557066160)3
5(557066700)3
5(557072460)3
5(557072730)3
5(557073702)3
5(557075160)3
5(557075700)3
5(561666060)3
5(561675060)3
5(561756060)3
5(561774060)3
5(566056062)3
5(566066061)3
5(566074062)3
5(566075061)3
5(567025740)3
5(567026460)3
5(567026730)3
5(567046062)3
5(567061560)3
5(567061740)3
5(567066060)3
5(567071460)3
5(567071730)3
5(567073062)3
5(567075060)3
5(574066701)3
5(574074702)3
5(574075701)3
5(575056062)3
5(575066061)3
5(575074062)3
5(575075061)3
5(577025703)3
5(577026702)3
5(577036062)3
5(577061703)3
5(577071702)3
5(577072062)3
5(626660703)3
5(626670702)3
5(626750703)3
5(626770701)3
5(627266700)3
5(627275700)3
5(627460560)3
5(627460740)3
5(627470460)3
5(627470730)3
5(627560703)3
5(627570702)3
5(627716700)3
5(627730560)3
5(627730740)3
5(627740703)3
5(627770160)3
5(627770700)3
5(646066701)3
5(646074702)3
5(646075701)3
5(647046702)3
5(647062560)3
5(647062740)3
5(647066160)3
5(647066700)3
5(647072460)3
5(647072730)3
5(647073702)3
5(647075160)3
5(647075700)3
5(661660560)3
5(661660740)3
5(661670460)3
5(661670730)3
5(661750560)3
5(661750740)3
5(661770360)3
5(661770720)3
5(666060723)3
5(666060741)3
5(666070461)3
5(666070722)3
5(666070731)3
5(667016730)3
5(667060560)3
5(667060713)3
5(667060740)3
5(667070460)3
5(667070712)3
5(667070730)3
5(671660703)3
5(671670702)3
5(671750703)3
5(671770701)3
5(673074702)3
5(673075701)3
5(675060723)3
5(675060741)3
5(675070461)3
5(675070722)3
5(675070731)3
5(677015703)3
5(677016702)3
5(677060703)3
5(677070702)3
5(723756060)3
5(723774060)3
5(724660560)3
5(724660740)3
5(724670460)3
5(724670730)3
5(724750560)3
5(724750740)3
5(724770360)3
5(724770720)3
5(726770061)3
5(727266060)3
5(727275060)3
5(727360560)3
5(727360740)3
5(727370460)3
5(727370730)3
5(727716060)3
5(727720560)3
5(727720740)3
5(727770060)3
5(741756060)3
5(741774060)3
5(746066061)3
5(746075061)3
5(747061560)3
5(747061740)3
5(747066060)3
5(747071460)3
5(747071730)3
5(747075060)3
5(751660560)3
5(751660740)3
5(751670460)3
5(751670730)3
5(751750560)3
5(751750740)3
5(751770360)3
5(751770720)3
5(756070461)3
5(756070722)3
5(756070731)3
5(757060560)3
5(757060713)3
5(757060740)3
5(757070460)3
5(757070712)3
5(757070730)3
5(771770061)3
5(773066061)3
5(773075061)3
5(774070461)3
5(774070722)3
5(774070731)3
55(570457062)2
55(570467061)2
55(570627702)2
55(570637062)2
55(570661704)2
55(570724704)2
55(570727701)2
55(570737061)2
55(570751704)2
55(660660660)2
55(660660714)2
55(660660750)2
55(660714750)2
55(660717360)2
55(660717720)2
55(660750714)2
55(660750750)2
55(670617702)2
55(670660704)2
55(670714704)2
55(670717701)2
55(670750704)2
55(714750750)2
55(717267060)2
55(717360750)2
55(717717060)2
55(717720750)2
55(750750750)2
55(770617062)2
55(770717061)2
555(706370661)1
555(706370724)1
555(706370751)1
555(707271660)1
555(707271750)1
555(707277060)1
555(707370660)1
555(707370714)1
555(707370750)1
56(630747306)23
56(670707171)23
56(717707070)23
