44444444
44444453
44444534
44444552
44444633
44444642
44445344
44445353
44445524
44445551
44445623
44445641
44446334
44446352
44446424
44446451
44446622
44446631
44447333
44447342
44447423
44447441
44447522
44447531
44453444
44453453
44453534
44453552
44453633
44453642
44455244
44455253
44455514
44455550
44455613
44455640
44456234
44456252
44456414
44456450
44456612
44456630
44457233
44457242
44457413
44457440
44457512
44457530
44463344
44463353
44463524
44463551
44463623
44463641
44464244
44464253
44464514
44464550
44464613
44464640
44466224
44466251
44466314
44466350
44466611
44466620
44467223
44467241
44467313
44467340
44467511
44467520
44473334
44473352
44473424
44473451
44473622
44473631
44474234
44474252
44474414
44474450
44474612
44474630
44475224
44475251
44475314
44475350
44475611
44475620
44477222
44477231
44477312
44477330
44477411
44477420
44534444
44534453
44534534
44534552
44534633
44534642
44535344
44535353
44535524
44535551
44535623
44535641
44536334
44536352
44536424
44536451
44536622
44536631
44537333
44537342
44537423
44537441
44537522
44537531
44552444
44552453
44552534
44552552
44552633
44552642
44555144
44555153
44555504
44555603
44556134
44556152
44556404
44556602
44557133
44557142
44557403
44557502
44562344
44562353
44562524
44562551
44562623
44562641
44564144
44564153
44564504
44564603
44566124
44566151
44566304
44566601
44567123
44567141
44567303
44567501
44572334
44572352
44572424
44572451
44572622
44572631
44574134
44574152
44574404
44574602
44575124
44575151
44575304
44575601
44577122
44577131
44577302
44577401
44633444
44633453
44633534
44633552
44633633
44633642
44635244
44635253
44635514
44635550
44635613
44635640
44636234
44636252
44636414
44636450
44636612
44636630
44637233
44637242
44637413
44637440
44637512
44637530
44642444
44642453
44642534
44642552
44642633
44642642
44645144
44645153
44645504
44645603
44646134
44646152
44646404
44646602
44647133
44647142
44647403
44647502
44662244
44662253
44662514
44662550
44662613
44662640
44663144
44663153
44663504
44663603
44666114
44666150
44666204
44666600
44667113
44667140
44667203
44667500
44672234
44672252
44672414
44672450
44672612
44672630
44673134
44673152
44673404
44673602
44675114
44675150
44675204
44675600
44677112
44677130
44677202
44677400
44733344
44733353
44733524
44733551
44733623
44733641
44734244
44734253
44734514
44734550
44734613
44734640
44736224
44736251
44736314
44736350
44736611
44736620
44737223
44737241
44737313
44737340
44737511
44737520
44742344
44742353
44742524
44742551
44742623
44742641
44744144
44744153
44744504
44744603
44746124
44746151
44746304
44746601
44747123
44747141
44747303
44747501
44752244
44752253
44752514
44752550
44752613
44752640
44753144
44753153
44753504
44753603
44756114
44756150
44756204
44756600
44757113
44757140
44757203
44757500
44772224
44772251
44772314
44772350
44772611
44772620
44773124
44773151
44773304
44773601
44774114
44774150
44774204
44774600
44777111
44777120
44777201
44777300
45344444
45344453
45344534
45344552
45344633
45344642
45345344
45345353
45345524
45345551
45345623
45345641
45346334
45346352
45346424
45346451
45346622
45346631
45347333
45347342
45347423
45347441
45347522
45347531
45353444
45353453
45353534
45353552
45353633
45353642
45355244
45355253
45355514
45355550
45355613
45355640
45356234
45356252
45356414
45356450
45356612
45356630
45357233
45357242
45357413
45357440
45357512
45357530
45363344
45363353
45363524
45363551
45363623
45363641
45364244
45364253
45364514
45364550
45364613
45364640
45366224
45366251
45366314
45366350
45366611
45366620
45367223
45367241
45367313
45367340
45367511
45367520
45373334
45373352
45373424
45373451
45373622
45373631
45374234
45374252
45374414
45374450
45374612
45374630
45375224
45375251
45375314
45375350
45375611
45375620
45377222
45377231
45377312
45377330
45377411
45377420
45524444
45524453
45524534
45524552
45524633
45524642
45525344
45525353
45525524
45525551
45525623
45525641
45526334
45526352
45526424
45526451
45526622
45526631
45527333
45527342
45527423
45527441
45527522
45527531
45551444
45551453
45551534
45551552
45551633
45551642
45555044
45555053
45556034
45556052
45557033
45557042
45561344
45561353
45561524
45561551
45561623
45561641
45564044
45564053
45566024
45566051
45567023
45567041
45571334
45571352
45571424
45571451
45571622
45571631
45574034
45574052
45575024
45575051
45577022
45577031
45623444
45623453
45623534
45623552
45623633
45623642
45625244
45625253
45625514
45625550
45625613
45625640
45626234
45626252
45626414
45626450
45626612
45626630
45627233
45627242
45627413
45627440
45627512
45627530
45641444
45641453
45641534
45641552
45641633
45641642
45645044
45645053
45646034
45646052
45647033
45647042
45661244
45661253
45661514
45661550
45661613
45661640
45663044
45663053
45666014
45666050
45667013
45667040
45671234
45671252
45671414
45671450
45671612
45671630
45673034
45673052
45675014
45675050
45677012
45677030
45723344
45723353
45723524
45723551
45723623
45723641
45724244
45724253
45724514
45724550
45724613
45724640
45726224
45726251
45726314
45726350
45726611
45726620
45727223
45727241
45727313
45727340
45727511
45727520
45741344
45741353
45741524
45741551
45741623
45741641
45744044
45744053
45746024
45746051
45747023
45747041
45751244
45751253
45751514
45751550
45751613
45751640
45753044
45753053
45756014
45756050
45757013
45757040
45771224
45771251
45771314
45771350
45771611
45771620
45773024
45773051
45774014
45774050
45777011
45777020
46334444
46334453
46334534
46334552
46334633
46334642
46335344
46335353
46335524
46335551
46335623
46335641
46336334
46336352
46336424
46336451
46336622
46336631
46337333
46337342
46337423
46337441
46337522
46337531
46352444
46352453
46352534
46352552
46352633
46352642
46355144
46355153
46355504
46355603
46356134
46356152
46356404
46356602
46357133
46357142
46357403
46357502
46362344
46362353
46362524
46362551
46362623
46362641
46364144
46364153
46364504
46364603
46366124
46366151
46366304
46366601
46367123
46367141
46367303
46367501
46372334
46372352
46372424
46372451
46372622
46372631
46374134
46374152
46374404
46374602
46375124
46375151
46375304
46375601
46377122
46377131
46377302
46377401
46424444
46424453
46424534
46424552
46424633
46424642
46425344
46425353
46425524
46425551
46425623
46425641
46426334
46426352
46426424
46426451
46426622
46426631
46427333
46427342
46427423
46427441
46427522
46427531
46451444
46451453
46451534
46451552
46451633
46451642
46455044
46455053
46456034
46456052
46457033
46457042
46461344
46461353
46461524
46461551
46461623
46461641
46464044
46464053
46466024
46466051
46467023
46467041
46471334
46471352
46471424
46471451
46471622
46471631
46474034
46474052
46475024
46475051
46477022
46477031
46622444
46622453
46622534
46622552
46622633
46622642
46625144
46625153
46625504
46625603
46626134
46626152
46626404
46626602
46627133
46627142
46627403
46627502
46631444
46631453
46631534
46631552
46631633
46631642
46635044
46635053
46636034
46636052
46637033
46637042
46661144
46661153
46661504
46661603
46662044
46662053
46666004
46667003
46671134
46671152
46671404
46671602
46672034
46672052
46675004
46677002
46722344
46722353
46722524
46722551
46722623
46722641
46724144
46724153
46724504
46724603
46726124
46726151
46726304
46726601
46727123
46727141
46727303
46727501
46731344
46731353
46731524
46731551
46731623
46731641
46734044
46734053
46736024
46736051
46737023
46737041
46751144
46751153
46751504
46751603
46752044
46752053
46756004
46757003
46771124
46771151
46771304
46771601
46772024
46772051
46774004
46777001
47333444
47333453
47333534
47333552
47333633
47333642
47335244
47335253
47335514
47335550
47335613
47335640
47336234
47336252
47336414
47336450
47336612
47336630
47337233
47337242
47337413
47337440
47337512
47337530
47342444
47342453
47342534
47342552
47342633
47342642
47345144
47345153
47345504
47345603
47346134
47346152
47346404
47346602
47347133
47347142
47347403
47347502
47362244
47362253
47362514
47362550
47362613
47362640
47363144
47363153
47363504
47363603
47366114
47366150
47366204
47366600
47367113
47367140
47367203
47367500
47372234
47372252
47372414
47372450
47372612
47372630
47373134
47373152
47373404
47373602
47375114
47375150
47375204
47375600
47377112
47377130
47377202
47377400
47423444
47423453
47423534
47423552
47423633
47423642
47425244
47425253
47425514
47425550
47425613
47425640
47426234
47426252
47426414
47426450
47426612
47426630
47427233
47427242
47427413
47427440
47427512
47427530
47441444
47441453
47441534
47441552
47441633
47441642
47445044
47445053
47446034
47446052
47447033
47447042
47461244
47461253
47461514
47461550
47461613
47461640
47463044
47463053
47466014
47466050
47467013
47467040
47471234
47471252
47471414
47471450
47471612
47471630
47473034
47473052
47475014
47475050
47477012
47477030
47522444
47522453
47522534
47522552
47522633
47522642
47525144
47525153
47525504
47525603
47526134
47526152
47526404
47526602
47527133
47527142
47527403
47527502
47531444
47531453
47531534
47531552
47531633
47531642
47535044
47535053
47536034
47536052
47537033
47537042
47561144
47561153
47561504
47561603
47562044
47562053
47566004
47567003
47571134
47571152
47571404
47571602
47572034
47572052
47575004
47577002
47722244
47722253
47722514
47722550
47722613
47722640
47723144
47723153
47723504
47723603
47726114
47726150
47726204
47726600
47727113
47727140
47727203
47727500
47731244
47731253
47731514
47731550
47731613
47731640
47733044
47733053
47736014
47736050
47737013
47737040
47741144
47741153
47741504
47741603
47742044
47742053
47746004
47747003
47771114
47771150
47771204
47771600
47772014
47772050
47773004
47777000
53444444
53444453
53444534
53444552
53444633
53444642
53445344
53445353
53445524
53445551
53445623
53445641
53446334
53446352
53446424
53446451
53446622
53446631
53447333
53447342
53447423
53447441
53447522
53447531
53453444
53453453
53453534
53453552
53453633
53453642
53455244
53455253
53455514
53455550
53455613
53455640
53456234
53456252
53456414
53456450
53456612
53456630
53457233
53457242
53457413
53457440
53457512
53457530
53463344
53463353
53463524
53463551
53463623
53463641
53464244
53464253
53464514
53464550
53464613
53464640
53466224
53466251
53466314
53466350
53466611
53466620
53467223
53467241
53467313
53467340
53467511
53467520
53473334
53473352
53473424
53473451
53473622
53473631
53474234
53474252
53474414
53474450
53474612
53474630
53475224
53475251
53475314
53475350
53475611
53475620
53477222
53477231
53477312
53477330
53477411
53477420
53534444
53534453
53534534
53534552
53534633
53534642
53535344
53535353
53535524
53535551
53535623
53535641
53536334
53536352
53536424
53536451
53536622
53536631
53537333
53537342
53537423
53537441
53537522
53537531
53552444
53552453
53552534
53552552
53552633
53552642
53555144
53555153
53555504
53555603
53556134
53556152
53556404
53556602
53557133
53557142
53557403
53557502
53562344
53562353
53562524
53562551
53562623
53562641
53564144
53564153
53564504
53564603
53566124
53566151
53566304
53566601
53567123
53567141
53567303
53567501
53572334
53572352
53572424
53572451
53572622
53572631
53574134
53574152
53574404
53574602
53575124
53575151
53575304
53575601
53577122
53577131
53577302
53577401
53633444
53633453
53633534
53633552
53633633
53633642
53635244
53635253
53635514
53635550
53635613
53635640
53636234
53636252
53636414
53636450
53636612
53636630
53637233
53637242
53637413
53637440
53637512
53637530
53642444
53642453
53642534
53642552
53642633
53642642
53645144
53645153
53645504
53645603
53646134
53646152
53646404
53646602
53647133
53647142
53647403
53647502
53662244
53662253
53662514
53662550
53662613
53662640
53663144
53663153
53663504
53663603
53666114
53666150
53666204
53666600
53667113
53667140
53667203
53667500
53672234
53672252
53672414
53672450
53672612
53672630
53673134
53673152
53673404
53673602
53675114
53675150
53675204
53675600
53677112
53677130
53677202
53677400
53733344
53733353
53733524
53733551
53733623
53733641
53734244
53734253
53734514
53734550
53734613
53734640
53736224
53736251
53736314
53736350
53736611
53736620
53737223
53737241
53737313
53737340
53737511
53737520
53742344
53742353
53742524
53742551
53742623
53742641
53744144
53744153
53744504
53744603
53746124
53746151
53746304
53746601
53747123
53747141
53747303
53747501
53752244
53752253
53752514
53752550
53752613
53752640
53753144
53753153
53753504
53753603
53756114
53756150
53756204
53756600
53757113
53757140
53757203
53757500
53772224
53772251
53772314
53772350
53772611
53772620
53773124
53773151
53773304
53773601
53774114
53774150
53774204
53774600
53777111
53777120
53777201
53777300
55244444
55244453
55244534
55244552
55244633
55244642
55245344
55245353
55245524
55245551
55245623
55245641
55246334
55246352
55246424
55246451
55246622
55246631
55247333
55247342
55247423
55247441
55247522
55247531
55253444
55253453
55253534
55253552
55253633
55253642
55255244
55255253
55255514
55255550
55255613
55255640
55256234
55256252
55256414
55256450
55256612
55256630
55257233
55257242
55257413
55257440
55257512
55257530
55263344
55263353
55263524
55263551
55263623
55263641
55264244
55264253
55264514
55264550
55264613
55264640
55266224
55266251
55266314
55266350
55266611
55266620
55267223
55267241
55267313
55267340
55267511
55267520
55273334
55273352
55273424
55273451
55273622
55273631
55274234
55274252
55274414
55274450
55274612
55274630
55275224
55275251
55275314
55275350
55275611
55275620
55277222
55277231
55277312
55277330
55277411
55277420
55514444
55514453
55514534
55514552
55514633
55514642
55515344
55515353
55515524
55515551
55515623
55515641
55516334
55516352
55516424
55516451
55516622
55516631
55517333
55517342
55517423
55517441
55517522
55517531
55550444
55550453
55550534
55550552
55550633
55550642
55560344
55560353
55560524
55560551
55560623
55560641
55570334
55570352
55570424
55570451
55570622
55570631
55613444
55613453
55613534
55613552
55613633
55613642
55615244
55615253
55615514
55615550
55615613
55615640
55616234
55616252
55616414
55616450
55616612
55616630
55617233
55617242
55617413
55617440
55617512
55617530
55640444
55640453
55640534
55640552
55640633
55640642
55660244
55660253
55660514
55660550
55660613
55660640
55670234
55670252
55670414
55670450
55670612
55670630
55713344
55713353
55713524
55713551
55713623
55713641
55714244
55714253
55714514
55714550
55714613
55714640
55716224
55716251
55716314
55716350
55716611
55716620
55717223
55717241
55717313
55717340
55717511
55717520
55740344
55740353
55740524
55740551
55740623
55740641
55750244
55750253
55750514
55750550
55750613
55750640
55770224
55770251
55770314
55770350
55770611
55770620
56234444
56234453
56234534
56234552
56234633
56234642
56235344
56235353
56235524
56235551
56235623
56235641
56236334
56236352
56236424
56236451
56236622
56236631
56237333
56237342
56237423
56237441
56237522
56237531
56252444
56252453
56252534
56252552
56252633
56252642
56255144
56255153
56255504
56255603
56256134
56256152
56256404
56256602
56257133
56257142
56257403
56257502
56262344
56262353
56262524
56262551
56262623
56262641
56264144
56264153
56264504
56264603
56266124
56266151
56266304
56266601
56267123
56267141
56267303
56267501
56272334
56272352
56272424
56272451
56272622
56272631
56274134
56274152
56274404
56274602
56275124
56275151
56275304
56275601
56277122
56277131
56277302
56277401
56414444
56414453
56414534
56414552
56414633
56414642
56415344
56415353
56415524
56415551
56415623
56415641
56416334
56416352
56416424
56416451
56416622
56416631
56417333
56417342
56417423
56417441
56417522
56417531
56450444
56450453
56450534
56450552
56450633
56450642
56460344
56460353
56460524
56460551
56460623
56460641
56470334
56470352
56470424
56470451
56470622
56470631
56612444
56612453
56612534
56612552
56612633
56612642
56615144
56615153
56615504
56615603
56616134
56616152
56616404
56616602
56617133
56617142
56617403
56617502
56630444
56630453
56630534
56630552
56630633
56630642
56660144
56660153
56660504
56660603
56670134
56670152
56670404
56670602
56712344
56712353
56712524
56712551
56712623
56712641
56714144
56714153
56714504
56714603
56716124
56716151
56716304
56716601
56717123
56717141
56717303
56717501
56730344
56730353
56730524
56730551
56730623
56730641
56750144
56750153
56750504
56750603
56770124
56770151
56770304
56770601
57233444
57233453
57233534
57233552
57233633
57233642
57235244
57235253
57235514
57235550
57235613
57235640
57236234
57236252
57236414
57236450
57236612
57236630
57237233
57237242
57237413
57237440
57237512
57237530
57242444
57242453
57242534
57242552
57242633
57242642
57245144
57245153
57245504
57245603
57246134
57246152
57246404
57246602
57247133
57247142
57247403
57247502
57262244
57262253
57262514
57262550
57262613
57262640
57263144
57263153
57263504
57263603
57266114
57266150
57266204
57266600
57267113
57267140
57267203
57267500
57272234
57272252
57272414
57272450
57272612
57272630
57273134
57273152
57273404
57273602
57275114
57275150
57275204
57275600
57277112
57277130
57277202
57277400
57413444
57413453
57413534
57413552
57413633
57413642
57415244
57415253
57415514
57415550
57415613
57415640
57416234
57416252
57416414
57416450
57416612
57416630
57417233
57417242
57417413
57417440
57417512
57417530
57440444
57440453
57440534
57440552
57440633
57440642
57460244
57460253
57460514
57460550
57460613
57460640
57470234
57470252
57470414
57470450
57470612
57470630
57512444
57512453
57512534
57512552
57512633
57512642
57515144
57515153
57515504
57515603
57516134
57516152
57516404
57516602
57517133
57517142
57517403
57517502
57530444
57530453
57530534
57530552
57530633
57530642
57560144
57560153
57560504
57560603
57570134
57570152
57570404
57570602
57712244
57712253
57712514
57712550
57712613
57712640
57713144
57713153
57713504
57713603
57716114
57716150
57716204
57716600
57717113
57717140
57717203
57717500
57730244
57730253
57730514
57730550
57730613
57730640
57740144
57740153
57740504
57740603
57770114
57770150
57770204
57770600
63344444
63344453
63344534
63344552
63344633
63344642
63345344
63345353
63345524
63345551
63345623
63345641
63346334
63346352
63346424
63346451
63346622
63346631
63347333
63347342
63347423
63347441
63347522
63347531
63353444
63353453
63353534
63353552
63353633
63353642
63355244
63355253
63355514
63355550
63355613
63355640
63356234
63356252
63356414
63356450
63356612
63356630
63357233
63357242
63357413
63357440
63357512
63357530
63363344
63363353
63363524
63363551
63363623
63363641
63364244
63364253
63364514
63364550
63364613
63364640
63366224
63366251
63366314
63366350
63366611
63366620
63367223
63367241
63367313
63367340
63367511
63367520
63373334
63373352
63373424
63373451
63373622
63373631
63374234
63374252
63374414
63374450
63374612
63374630
63375224
63375251
63375314
63375350
63375611
63375620
63377222
63377231
63377312
63377330
63377411
63377420
63524444
63524453
63524534
63524552
63524633
63524642
63525344
63525353
63525524
63525551
63525623
63525641
63526334
63526352
63526424
63526451
63526622
63526631
63527333
63527342
63527423
63527441
63527522
63527531
63551444
63551453
63551534
63551552
63551633
63551642
63555044
63555053
63556034
63556052
63557033
63557042
63561344
63561353
63561524
63561551
63561623
63561641
63564044
63564053
63566024
63566051
63567023
63567041
63571334
63571352
63571424
63571451
63571622
63571631
63574034
63574052
63575024
63575051
63577022
63577031
63623444
63623453
63623534
63623552
63623633
63623642
63625244
63625253
63625514
63625550
63625613
63625640
63626234
63626252
63626414
63626450
63626612
63626630
63627233
63627242
63627413
63627440
63627512
63627530
63641444
63641453
63641534
63641552
63641633
63641642
63645044
63645053
63646034
63646052
63647033
63647042
63661244
63661253
63661514
63661550
63661613
63661640
63663044
63663053
63666014
63666050
63667013
63667040
63671234
63671252
63671414
63671450
63671612
63671630
63673034
63673052
63675014
63675050
63677012
63677030
63723344
63723353
63723524
63723551
63723623
63723641
63724244
63724253
63724514
63724550
63724613
63724640
63726224
63726251
63726314
63726350
63726611
63726620
63727223
63727241
63727313
63727340
63727511
63727520
63741344
63741353
63741524
63741551
63741623
63741641
63744044
63744053
63746024
63746051
63747023
63747041
63751244
63751253
63751514
63751550
63751613
63751640
63753044
63753053
63756014
63756050
63757013
63757040
63771224
63771251
63771314
63771350
63771611
63771620
63773024
63773051
63774014
63774050
63777011
63777020
64244444
64244453
64244534
64244552
64244633
64244642
64245344
64245353
64245524
64245551
64245623
64245641
64246334
64246352
64246424
64246451
64246622
64246631
64247333
64247342
64247423
64247441
64247522
64247531
64253444
64253453
64253534
64253552
64253633
64253642
64255244
64255253
64255514
64255550
64255613
64255640
64256234
64256252
64256414
64256450
64256612
64256630
64257233
64257242
64257413
64257440
64257512
64257530
64263344
64263353
64263524
64263551
64263623
64263641
64264244
64264253
64264514
64264550
64264613
64264640
64266224
64266251
64266314
64266350
64266611
64266620
64267223
64267241
64267313
64267340
64267511
64267520
64273334
64273352
64273424
64273451
64273622
64273631
64274234
64274252
64274414
64274450
64274612
64274630
64275224
64275251
64275314
64275350
64275611
64275620
64277222
64277231
64277312
64277330
64277411
64277420
64514444
64514453
64514534
64514552
64514633
64514642
64515344
64515353
64515524
64515551
64515623
64515641
64516334
64516352
64516424
64516451
64516622
64516631
64517333
64517342
64517423
64517441
64517522
64517531
64550444
64550453
64550534
64550552
64550633
64550642
64560344
64560353
64560524
64560551
64560623
64560641
64570334
64570352
64570424
64570451
64570622
64570631
64613444
64613453
64613534
64613552
64613633
64613642
64615244
64615253
64615514
64615550
64615613
64615640
64616234
64616252
64616414
64616450
64616612
64616630
64617233
64617242
64617413
64617440
64617512
64617530
64640444
64640453
64640534
64640552
64640633
64640642
64660244
64660253
64660514
64660550
64660613
64660640
64670234
64670252
64670414
64670450
64670612
64670630
64713344
64713353
64713524
64713551
64713623
64713641
64714244
64714253
64714514
64714550
64714613
64714640
64716224
64716251
64716314
64716350
64716611
64716620
64717223
64717241
64717313
64717340
64717511
64717520
64740344
64740353
64740524
64740551
64740623
64740641
64750244
64750253
64750514
64750550
64750613
64750640
64770224
64770251
64770314
64770350
64770611
64770620
66224444
66224453
66224534
66224552
66224633
66224642
66225344
66225353
66225524
66225551
66225623
66225641
66226334
66226352
66226424
66226451
66226622
66226631
66227333
66227342
66227423
66227441
66227522
66227531
66251444
66251453
66251534
66251552
66251633
66251642
66255044
66255053
66256034
66256052
66257033
66257042
66261344
66261353
66261524
66261551
66261623
66261641
66264044
66264053
66266024
66266051
66267023
66267041
66271334
66271352
66271424
66271451
66271622
66271631
66274034
66274052
66275024
66275051
66277022
66277031
66314444
66314453
66314534
66314552
66314633
66314642
66315344
66315353
66315524
66315551
66315623
66315641
66316334
66316352
66316424
66316451
66316622
66316631
66317333
66317342
66317423
66317441
66317522
66317531
66350444
66350453
66350534
66350552
66350633
66350642
66360344
66360353
66360524
66360551
66360623
66360641
66370334
66370352
66370424
66370451
66370622
66370631
66611444
66611453
66611534
66611552
66611633
66611642
66615044
66615053
66616034
66616052
66617033
66617042
66620444
66620453
66620534
66620552
66620633
66620642
66660044
66660053
66670034
66670052
66711344
66711353
66711524
66711551
66711623
66711641
66714044
66714053
66716024
66716051
66717023
66717041
66720344
66720353
66720524
66720551
66720623
66720641
66750044
66750053
66770024
66770051
67223444
67223453
67223534
67223552
67223633
67223642
67225244
67225253
67225514
67225550
67225613
67225640
67226234
67226252
67226414
67226450
67226612
67226630
67227233
67227242
67227413
67227440
67227512
67227530
67241444
67241453
67241534
67241552
67241633
67241642
67245044
67245053
67246034
67246052
67247033
67247042
67261244
67261253
67261514
67261550
67261613
67261640
67263044
67263053
67266014
67266050
67267013
67267040
67271234
67271252
67271414
67271450
67271612
67271630
67273034
67273052
67275014
67275050
67277012
67277030
67313444
67313453
67313534
67313552
67313633
67313642
67315244
67315253
67315514
67315550
67315613
67315640
67316234
67316252
67316414
67316450
67316612
67316630
67317233
67317242
67317413
67317440
67317512
67317530
67340444
67340453
67340534
67340552
67340633
67340642
67360244
67360253
67360514
67360550
67360613
67360640
67370234
67370252
67370414
67370450
67370612
67370630
67511444
67511453
67511534
67511552
67511633
67511642
67515044
67515053
67516034
67516052
67517033
67517042
67520444
67520453
67520534
67520552
67520633
67520642
67560044
67560053
67570034
67570052
67711244
67711253
67711514
67711550
67711613
67711640
67713044
67713053
67716014
67716050
67717013
67717040
67720244
67720253
67720514
67720550
67720613
67720640
67740044
67740053
67770014
67770050
73334444
73334453
73334534
73334552
73334633
73334642
73335344
73335353
73335524
73335551
73335623
73335641
73336334
73336352
73336424
73336451
73336622
73336631
73337333
73337342
73337423
73337441
73337522
73337531
73352444
73352453
73352534
73352552
73352633
73352642
73355144
73355153
73355504
73355603
73356134
73356152
73356404
73356602
73357133
73357142
73357403
73357502
73362344
73362353
73362524
73362551
73362623
73362641
73364144
73364153
73364504
73364603
73366124
73366151
73366304
73366601
73367123
73367141
73367303
73367501
73372334
73372352
73372424
73372451
73372622
73372631
73374134
73374152
73374404
73374602
73375124
73375151
73375304
73375601
73377122
73377131
73377302
73377401
73424444
73424453
73424534
73424552
73424633
73424642
73425344
73425353
73425524
73425551
73425623
73425641
73426334
73426352
73426424
73426451
73426622
73426631
73427333
73427342
73427423
73427441
73427522
73427531
73451444
73451453
73451534
73451552
73451633
73451642
73455044
73455053
73456034
73456052
73457033
73457042
73461344
73461353
73461524
73461551
73461623
73461641
73464044
73464053
73466024
73466051
73467023
73467041
73471334
73471352
73471424
73471451
73471622
73471631
73474034
73474052
73475024
73475051
73477022
73477031
73622444
73622453
73622534
73622552
73622633
73622642
73625144
73625153
73625504
73625603
73626134
73626152
73626404
73626602
73627133
73627142
73627403
73627502
73631444
73631453
73631534
73631552
73631633
73631642
73635044
73635053
73636034
73636052
73637033
73637042
73661144
73661153
73661504
73661603
73662044
73662053
73666004
73667003
73671134
73671152
73671404
73671602
73672034
73672052
73675004
73677002
73722344
73722353
73722524
73722551
73722623
73722641
73724144
73724153
73724504
73724603
73726124
73726151
73726304
73726601
73727123
73727141
73727303
73727501
73731344
73731353
73731524
73731551
73731623
73731641
73734044
73734053
73736024
73736051
73737023
73737041
73751144
73751153
73751504
73751603
73752044
73752053
73756004
73757003
73771124
73771151
73771304
73771601
73772024
73772051
73774004
73777001
74234444
74234453
74234534
74234552
74234633
74234642
74235344
74235353
74235524
74235551
74235623
74235641
74236334
74236352
74236424
74236451
74236622
74236631
74237333
74237342
74237423
74237441
74237522
74237531
74252444
74252453
74252534
74252552
74252633
74252642
74255144
74255153
74255504
74255603
74256134
74256152
74256404
74256602
74257133
74257142
74257403
74257502
74262344
74262353
74262524
74262551
74262623
74262641
74264144
74264153
74264504
74264603
74266124
74266151
74266304
74266601
74267123
74267141
74267303
74267501
74272334
74272352
74272424
74272451
74272622
74272631
74274134
74274152
74274404
74274602
74275124
74275151
74275304
74275601
74277122
74277131
74277302
74277401
74414444
74414453
74414534
74414552
74414633
74414642
74415344
74415353
74415524
74415551
74415623
74415641
74416334
74416352
74416424
74416451
74416622
74416631
74417333
74417342
74417423
74417441
74417522
74417531
74450444
74450453
74450534
74450552
74450633
74450642
74460344
74460353
74460524
74460551
74460623
74460641
74470334
74470352
74470424
74470451
74470622
74470631
74612444
74612453
74612534
74612552
74612633
74612642
74615144
74615153
74615504
74615603
74616134
74616152
74616404
74616602
74617133
74617142
74617403
74617502
74630444
74630453
74630534
74630552
74630633
74630642
74660144
74660153
74660504
74660603
74670134
74670152
74670404
74670602
74712344
74712353
74712524
74712551
74712623
74712641
74714144
74714153
74714504
74714603
74716124
74716151
74716304
74716601
74717123
74717141
74717303
74717501
74730344
74730353
74730524
74730551
74730623
74730641
74750144
74750153
74750504
74750603
74770124
74770151
74770304
74770601
75224444
75224453
75224534
75224552
75224633
75224642
75225344
75225353
75225524
75225551
75225623
75225641
75226334
75226352
75226424
75226451
75226622
75226631
75227333
75227342
75227423
75227441
75227522
75227531
75251444
75251453
75251534
75251552
75251633
75251642
75255044
75255053
75256034
75256052
75257033
75257042
75261344
75261353
75261524
75261551
75261623
75261641
75264044
75264053
75266024
75266051
75267023
75267041
75271334
75271352
75271424
75271451
75271622
75271631
75274034
75274052
75275024
75275051
75277022
75277031
75314444
75314453
75314534
75314552
75314633
75314642
75315344
75315353
75315524
75315551
75315623
75315641
75316334
75316352
75316424
75316451
75316622
75316631
75317333
75317342
75317423
75317441
75317522
75317531
75350444
75350453
75350534
75350552
75350633
75350642
75360344
75360353
75360524
75360551
75360623
75360641
75370334
75370352
75370424
75370451
75370622
75370631
75611444
75611453
75611534
75611552
75611633
75611642
75615044
75615053
75616034
75616052
75617033
75617042
75620444
75620453
75620534
75620552
75620633
75620642
75660044
75660053
75670034
75670052
75711344
75711353
75711524
75711551
75711623
75711641
75714044
75714053
75716024
75716051
75717023
75717041
75720344
75720353
75720524
75720551
75720623
75720641
75750044
75750053
75770024
75770051
77222444
77222453
77222534
77222552
77222633
77222642
77225144
77225153
77225504
77225603
77226134
77226152
77226404
77226602
77227133
77227142
77227403
77227502
77231444
77231453
77231534
77231552
77231633
77231642
77235044
77235053
77236034
77236052
77237033
77237042
77261144
77261153
77261504
77261603
77262044
77262053
77266004
77267003
77271134
77271152
77271404
77271602
77272034
77272052
77275004
77277002
77312444
77312453
77312534
77312552
77312633
77312642
77315144
77315153
77315504
77315603
77316134
77316152
77316404
77316602
77317133
77317142
77317403
77317502
77330444
77330453
77330534
77330552
77330633
77330642
77360144
77360153
77360504
77360603
77370134
77370152
77370404
77370602
77411444
77411453
77411534
77411552
77411633
77411642
77415044
77415053
77416034
77416052
77417033
77417042
77420444
77420453
77420534
77420552
77420633
77420642
77460044
77460053
77470034
77470052
77711144
77711153
77711504
77711603
77712044
77712053
77716004
77717003
77720144
77720153
77720504
77720603
77730044
77730053
77770004
5(55605560)3
5(55605713)3
5(55605740)3
5(55606262)3
5(55606460)3
5(55606712)3
5(55606730)3
5(55703561)3
5(55703723)3
5(55703741)3
5(55704560)3
5(55704713)3
5(55704740)3
5(55706261)3
5(55706360)3
5(55706711)3
5(55706720)3
5(56156162)3
5(56156702)3
5(56162723)3
5(56162741)3
5(56164703)3
5(56166161)3
5(56166701)3
5(56172362)3
5(56172461)3
5(56172722)3
5(56172731)3
5(56174162)3
5(56174702)3
5(56175161)3
5(56175701)3
5(56605703)3
5(56606162)3
5(56606702)3
5(56702723)3
5(56702741)3
5(56704703)3
5(56706161)3
5(56706701)3
5(57135713)3
5(57135740)3
5(57136262)3
5(57136460)3
5(57136712)3
5(57136730)3
5(57145703)3
5(57146162)3
5(57146702)3
5(57162560)3
5(57162713)3
5(57162740)3
5(57163703)3
5(57166160)3
5(57166700)3
5(57172262)3
5(57172460)3
5(57172712)3
5(57172730)3
5(57173162)3
5(57173702)3
5(57175160)3
5(57175700)3
5(57405740)3
5(57406262)3
5(57406460)3
5(57406712)3
5(57406730)3
5(57505703)3
5(57506162)3
5(57506702)3
5(57702560)3
5(57702713)3
5(57702740)3
5(57703703)3
5(57706160)3
5(57706700)3
5(62626262)3
5(62626460)3
5(62626712)3
5(62626730)3
5(62661560)3
5(62661713)3
5(62661740)3
5(62666060)3
5(62671460)3
5(62671712)3
5(62671730)3
5(62675060)3
5(62723723)3
5(62723741)3
5(62724560)3
5(62724713)3
5(62724740)3
5(62726261)3
5(62726360)3
5(62726711)3
5(62726720)3
5(62741723)3
5(62741741)3
5(62746061)3
5(62751560)3
5(62751713)3
5(62751740)3
5(62756060)3
5(62771261)3
5(62771360)3
5(62771711)3
5(62771720)3
5(62773061)3
5(62774060)3
5(64606460)3
5(64606712)3
5(64606730)3
5(64703723)3
5(64703741)3
5(64704560)3
5(64704713)3
5(64704740)3
5(64706261)3
5(64706360)3
5(64706711)3
5(64706720)3
5(66161723)3
5(66161741)3
5(66166061)3
5(66171461)3
5(66171722)3
5(66171731)3
5(66175061)3
5(66701723)3
5(66701741)3
5(66706061)3
5(67126712)3
5(67126730)3
5(67161560)3
5(67161713)3
5(67161740)3
5(67166060)3
5(67171460)3
5(67171712)3
5(67171730)3
5(67175060)3
5(67306730)3
5(67701560)3
5(67701713)3
5(67701740)3
5(67706060)3
5(72372461)3
5(72372722)3
5(72372731)3
5(72374702)3
5(72375161)3
5(72375701)3
5(72461741)3
5(72466061)3
5(72471461)3
5(72471722)3
5(72471731)3
5(72475061)3
5(72625703)3
5(72626702)3
5(72661703)3
5(72671702)3
5(72722741)3
5(72724703)3
5(72726161)3
5(72726701)3
5(72731741)3
5(72736061)3
5(72751703)3
5(72771161)3
5(72771701)3
5(72772061)3
5(74174702)3
5(74175161)3
5(74175701)3
5(74605703)3
5(74606702)3
5(74704703)3
5(74706161)3
5(74706701)3
5(75166061)3
5(75171461)3
5(75171722)3
5(75171731)3
5(75175061)3
5(75706061)3
5(77125703)3
5(77126702)3
5(77161703)3
5(77171702)3
5(77305703)3
5(77306702)3
5(77701703)3
55(57045704)2
55(57047162)2
55(57047702)2
55(57062660)2
55(57062714)2
55(57062750)2
55(57063704)2
55(57067160)2
55(57067700)2
55(66067061)2
55(67047062)2
55(67061714)2
55(67061750)2
55(67067060)2
55(71627162)2
55(71627702)2
55(71637062)2
55(71661704)2
55(71724704)2
55(71727161)2
55(71727701)2
55(71737061)2
55(71751704)2
55(77027702)2
55(77037062)2
55(77061704)2
555(70637063)1
555(70671704)1
56(71717171)23
