4
53
552
633
642
5551
5623
5641
6352
6451
6622
6631
7333
7342
7423
7441
7522
7531
55550
55613
55640
56252
56450
56612
56630
57233
57242
57413
57440
57512
57530
63551
63623
63641
64550
64613
64640
66251
66350
66611
66620
67223
67241
67313
67340
67511
67520
73352
73451
73622
73631
74252
74450
74612
74630
75251
75350
75611
75620
77222
77231
77312
77330
77411
77420
555603
556152
556602
557133
557142
557403
557502
562551
562623
562641
564603
566151
566601
567123
567141
567303
567501
572352
572451
572622
572631
574152
574602
575151
575601
577122
577131
577302
577401
635550
635613
635640
636252
636450
636612
636630
637233
637242
637413
637440
637512
637530
645603
646152
646602
647133
647142
647403
647502
662550
662613
662640
663603
666150
666600
667113
667140
667203
667500
672252
672450
672612
672630
673152
673602
675150
675600
677112
677130
677202
677400
733551
733623
733641
734550
734613
734640
736251
736350
736611
736620
737223
737241
737313
737340
737511
737520
742551
742623
742641
744603
746151
746601
747123
747141
747303
747501
752550
752613
752640
753603
756150
756600
757113
757140
757203
757500
772251
772350
772611
772620
773151
773601
774150
774600
777111
777120
777201
777300
5556052
5557033
5557042
5561551
5561623
5561641
5566051
5567023
5567041
5571352
5571451
5571622
5571631
5574052
5575051
5577022
5577031
5625550
5625613
5625640
5626252
5626450
5626612
5626630
5627233
5627242
5627413
5627440
5627512
5627530
5646052
5647033
5647042
5661550
5661613
5661640
5666050
5667013
5667040
5671252
5671450
5671612
5671630
5673052
5675050
5677012
5677030
5723551
5723623
5723641
5724550
5724613
5724640
5726251
5726350
5726611
5726620
5727223
5727241
5727313
5727340
5727511
5727520
5741551
5741623
5741641
5746051
5747023
5747041
5751550
5751613
5751640
5756050
5757013
5757040
5771251
5771350
5771611
5771620
5773051
5774050
5777011
5777020
6355603
6356152
6356602
6357133
6357142
6357403
6357502
6362551
6362623
6362641
6364603
6366151
6366601
6367123
6367141
6367303
6367501
6372352
6372451
6372622
6372631
6374152
6374602
6375151
6375601
6377122
6377131
6377302
6377401
6456052
6457033
6457042
6461551
6461623
6461641
6466051
6467023
6467041
6471352
6471451
6471622
6471631
6474052
6475051
6477022
6477031
6625603
6626152
6626602
6627133
6627142
6627403
6627502
6636052
6637033
6637042
6661603
6667003
6671152
6671602
6672052
6677002
6722551
6722623
6722641
6724603
6726151
6726601
6727123
6727141
6727303
6727501
6731551
6731623
6731641
6736051
6737023
6737041
6751603
6757003
6771151
6771601
6772051
6777001
7335550
7335613
7335640
7336252
7336450
7336612
7336630
7337233
7337242
7337413
7337440
7337512
7337530
7345603
7346152
7346602
7347133
7347142
7347403
7347502
7362550
7362613
7362640
7363603
7366150
7366600
7367113
7367140
7367203
7367500
7372252
7372450
7372612
7372630
7373152
7373602
7375150
7375600
7377112
7377130
7377202
7377400
7425550
7425613
7425640
7426252
7426450
7426612
7426630
7427233
7427242
7427413
7427440
7427512
7427530
7446052
7447033
7447042
7461550
7461613
7461640
7466050
7467013
7467040
7471252
7471450
7471612
7471630
7473052
7475050
7477012
7477030
7525603
7526152
7526602
7527133
7527142
7527403
7527502
7536052
7537033
7537042
7561603
7567003
7571152
7571602
7572052
7577002
7722550
7722613
7722640
7723603
7726150
7726600
7727113
7727140
7727203
7727500
7731550
7731613
7731640
7736050
7737013
7737040
7741603
7747003
7771150
7771600
7772050
7777000
5(62)3
5(561)3
5(723)3
5(741)3
5(5560)3
5(5713)3
5(5740)3
5(6460)3
5(6712)3
5(6730)3
5(55703)3
5(56702)3
5(64703)3
5(66161)3
5(66701)3
5(72461)3
5(72722)3
5(72731)3
5(74702)3
5(75161)3
5(75701)3
5(566061)3
5(571461)3
5(571722)3
5(571731)3
5(575061)3
5(661560)3
5(661713)3
5(661740)3
5(666060)3
5(671460)3
5(671712)3
5(671730)3
5(675060)3
5(724560)3
5(724713)3
5(724740)3
5(726261)3
5(726360)3
5(726711)3
5(726720)3
5(746061)3
5(751560)3
5(751713)3
5(751740)3
5(756060)3
5(771261)3
5(771360)3
5(771711)3
5(771720)3
5(773061)3
5(774060)3
5(5570461)3
5(5570722)3
5(5570731)3
5(5660560)3
5(5660713)3
5(5660740)3
5(5670460)3
5(5670712)3
5(5670730)3
5(5714560)3
5(5714713)3
5(5714740)3
5(5716261)3
5(5716360)3
5(5716711)3
5(5716720)3
5(5750560)3
5(5750713)3
5(5750740)3
5(5770261)3
5(5770360)3
5(5770711)3
5(5770720)3
5(6470461)3
5(6470722)3
5(6470731)3
5(6615703)3
5(6616702)3
5(6660703)3
5(6670702)3
5(6714703)3
5(6716161)3
5(6716701)3
5(6750703)3
5(6770161)3
5(6770701)3
5(7245703)3
5(7246702)3
5(7262560)3
5(7262713)3
5(7262740)3
5(7263703)3
5(7266160)3
5(7266700)3
5(7272460)3
5(7272712)3
5(7272730)3
5(7273702)3
5(7275160)3
5(7275700)3
5(7460560)3
5(7460713)3
5(7460740)3
5(7470460)3
5(7470712)3
5(7470730)3
5(7515703)3
5(7516702)3
5(7560703)3
5(7570702)3
5(7712560)3
5(7712713)3
5(7712740)3
5(7713703)3
5(7716160)3
5(7716700)3
5(7730560)3
5(7730713)3
5(7730740)3
5(7740703)3
5(7770160)3
5(7770700)3
55(660)2
55(714)2
55(750)2
55(5704)2
55(7162)2
55(7702)2
55(57062)2
55(61625)2
55(67061)2
55(560625)2
55(615615)2
55(617235)2
55(617415)2
55(713625)2
55(717261)2
55(717360)2
55(717711)2
55(717720)2
55(740625)2
55(5605615)2
55(5607235)2
55(5607415)2
55(5703625)2
55(5707261)2
55(5707360)2
55(5707711)2
55(5707720)2
55(6157135)2
55(6157405)2
55(6162625)2
55(6162661)2
55(6162724)2
55(6162751)2
55(6164605)2
55(6167125)2
55(6167305)2
55(6702625)2
55(6704704)2
55(6707161)2
55(6707701)2
55(7137235)2
55(7137415)2
55(7163704)2
55(7167160)2
55(7167700)2
55(7407235)2
55(7407415)2
55(7703704)2
55(7707160)2
55(7707700)2
555(7063)1
555(70661)1
555(70724)1
555(70751)1
555(606264)1
555(6072364)1
555(6074164)1
555(7036264)1
555(7046605)1
555(7047145)1
555(7047505)1
555(7072660)1
555(7072714)1
555(7072750)1
555(7073704)1
555(7077160)1
555(7077700)1
6(36272)33
6(372372)33
6(374172)33
6(3626272)33
6(3671272)33
6(3673072)33
6(7226272)33
6(7316272)33
56(71)23
56(2626)23
56(27416)23
56(67070)23
56(267126)23
56(267306)23
56(2627470)23
56(2667016)23
56(2757016)23
56(7307416)23
56(7707070)23
556(174174)13
556(606606)13
556(607146)13
556(607506)13
556(1626274)13
556(1671274)13
556(6071626)13
556(6077026)13
556(7071670)13
66(2714716)22
66(2714770)22
66(2750716)22
66(2750770)22
557(147147)133
557(147507)133
557(507507)133
567(1717)123
