4
53
552
633
642
5551
5623
5641
6352
6451
6622
6631
7333
7342
7423
7441
7522
7531
55550
55613
55640
56252
56450
56612
56630
57233
57242
57413
57440
57512
57530
63551
63623
63641
64550
64613
64640
66251
66350
66611
66620
67223
67241
67313
67340
67511
67520
73352
73451
73622
73631
74252
74450
74612
74630
75251
75350
75611
75620
77222
77231
77312
77330
77411
77420
83333
83342
83423
83441
83522
83531
84233
84242
84413
84440
84512
84530
85223
85241
85313
85340
85511
85520
86222
86231
86312
86330
86411
86420
5(62)3
5(561)3
5(723)3
5(741)3
5(5560)3
5(5713)3
5(5740)3
5(6460)3
5(6712)3
5(6730)3
5(8233)3
5(8242)3
5(8413)3
5(8440)3
5(8512)3
5(8530)3
5(55703)3
5(56702)3
5(58133)3
5(58142)3
5(58403)3
5(58502)3
5(64703)3
5(66161)3
5(66701)3
5(68123)3
5(68141)3
5(68303)3
5(68501)3
5(72461)3
5(72722)3
5(72731)3
5(74702)3
5(75161)3
5(75701)3
5(78122)3
5(78131)3
5(78302)3
5(78401)3
5(92333)3
5(92342)3
5(92423)3
5(92441)3
5(92522)3
5(92531)3
5(94133)3
5(94142)3
5(94403)3
5(94502)3
5(95123)3
5(95141)3
5(95303)3
5(95501)3
5(96122)3
5(96131)3
5(96302)3
5(96401)3
55(660)2
55(714)2
55(750)2
55(5704)2
55(7162)2
55(7702)2
55(8134)2
55(8152)2
55(8404)2
55(8602)2
55(57062)2
55(58034)2
55(58052)2
55(61625)2
55(67061)2
55(68024)2
55(68051)2
55(81362)2
55(81461)2
55(81722)2
55(81731)2
55(84062)2
55(85061)2
55(88022)2
55(88031)2
55(91334)2
55(91352)2
55(91424)2
55(91451)2
55(91622)2
55(91631)2
55(94034)2
55(94052)2
55(95024)2
55(95051)2
55(97022)2
55(97031)2
555(7063)1
555(8044)1
555(8053)1
555(70661)1
555(70724)1
555(70751)1
555(80363)1
555(80561)1
555(80723)1
555(80741)1
555(90344)1
555(90353)1
555(90524)1
555(90551)1
555(90623)1
555(90641)1
6(822)33
6(831)33
6(6811)33
6(6820)33
6(9223)33
6(9241)33
6(9313)33
6(9340)33
6(9511)33
6(9520)33
6(36272)33
6(66800)33
6(69113)33
6(69140)33
6(69203)33
6(69500)33
6(72812)33
6(72830)33
6(73802)33
6(75800)33
6(79112)33
6(79130)33
6(79202)33
6(79400)33
56(71)23
56(2626)23
56(7801)23
56(9124)23
56(9151)23
56(9304)23
56(9601)23
56(27416)23
56(67070)23
56(69014)23
56(69050)23
56(81470)23
56(81812)23
56(81830)23
56(85070)23
56(89012)23
56(89030)23
556(804)13
556(80570)13
556(80813)13
556(80840)13
66(8170)22
66(8800)22
66(9115)22
66(9160)22
66(9205)22
66(9700)22
66(69005)22
66(91172)22
66(91802)22
66(92072)22
66(99002)22
566(90173)12
566(90803)12
666(90074)11
57(912)233
57(930)233
57(81911)233
57(81920)233
557(903)133
67(91901)223
567(80)123
567(1717)123
