4
53
552
633
642
5551
5623
5641
6352
6451
6622
6631
7333
7342
7423
7441
7522
7531
55550
55613
55640
56252
56450
56612
56630
57233
57242
57413
57440
57512
57530
63551
63623
63641
64550
64613
64640
66251
66350
66611
66620
67223
67241
67313
67340
67511
67520
73352
73451
73622
73631
74252
74450
74612
74630
75251
75350
75611
75620
77222
77231
77312
77330
77411
77420
83333
83342
83423
83441
83522
83531
84233
84242
84413
84440
84512
84530
85223
85241
85313
85340
85511
85520
86222
86231
86312
86330
86411
86420
555603
556152
556602
557133
557142
557403
557502
562551
562623
562641
564603
566151
566601
567123
567141
567303
567501
572352
572451
572622
572631
574152
574602
575151
575601
577122
577131
577302
577401
582333
582342
582423
582441
582522
582531
584133
584142
584403
584502
585123
585141
585303
585501
586122
586131
586302
586401
635550
635613
635640
636252
636450
636612
636630
637233
637242
637413
637440
637512
637530
645603
646152
646602
647133
647142
647403
647502
662550
662613
662640
663603
666150
666600
667113
667140
667203
667500
672252
672450
672612
672630
673152
673602
675150
675600
677112
677130
677202
677400
682233
682242
682413
682440
682512
682530
683133
683142
683403
683502
685113
685140
685203
685500
686112
686130
686202
686400
733551
733623
733641
734550
734613
734640
736251
736350
736611
736620
737223
737241
737313
737340
737511
737520
742551
742623
742641
744603
746151
746601
747123
747141
747303
747501
752550
752613
752640
753603
756150
756600
757113
757140
757203
757500
772251
772350
772611
772620
773151
773601
774150
774600
777111
777120
777201
777300
782223
782241
782313
782340
782511
782520
783123
783141
783303
783501
784113
784140
784203
784500
786111
786120
786201
786300
833352
833451
833622
833631
834252
834450
834612
834630
835251
835350
835611
835620
837222
837231
837312
837330
837411
837420
842352
842451
842622
842631
844152
844602
845151
845601
847122
847131
847302
847401
852252
852450
852612
852630
853152
853602
855150
855600
857112
857130
857202
857400
862251
862350
862611
862620
863151
863601
864150
864600
867111
867120
867201
867300
882222
882231
882312
882330
882411
882420
883122
883131
883302
883401
884112
884130
884202
884400
885111
885120
885201
885300
933333
933342
933423
933441
933522
933531
934233
934242
934413
934440
934512
934530
935223
935241
935313
935340
935511
935520
936222
936231
936312
936330
936411
936420
942333
942342
942423
942441
942522
942531
944133
944142
944403
944502
945123
945141
945303
945501
946122
946131
946302
946401
952233
952242
952413
952440
952512
952530
953133
953142
953403
953502
955113
955140
955203
955500
956112
956130
956202
956400
962223
962241
962313
962340
962511
962520
963123
963141
963303
963501
964113
964140
964203
964500
966111
966120
966201
966300
972222
972231
972312
972330
972411
972420
973122
973131
973302
973401
974112
974130
974202
974400
975111
975120
975201
975300
5556052
5557033
5557042
5561551
5561623
5561641
5566051
5567023
5567041
5571352
5571451
5571622
5571631
5574052
5575051
5577022
5577031
5581333
5581342
5581423
5581441
5581522
5581531
5584033
5584042
5585023
5585041
5586022
5586031
5625550
5625613
5625640
5626252
5626450
5626612
5626630
5627233
5627242
5627413
5627440
5627512
5627530
5646052
5647033
5647042
5661550
5661613
5661640
5666050
5667013
5667040
5671252
5671450
5671612
5671630
5673052
5675050
5677012
5677030
5681233
5681242
5681413
5681440
5681512
5681530
5683033
5683042
5685013
5685040
5686012
5686030
5723551
5723623
5723641
5724550
5724613
5724640
5726251
5726350
5726611
5726620
5727223
5727241
5727313
5727340
5727511
5727520
5741551
5741623
5741641
5746051
5747023
5747041
5751550
5751613
5751640
5756050
5757013
5757040
5771251
5771350
5771611
5771620
5773051
5774050
5777011
5777020
5781223
5781241
5781313
5781340
5781511
5781520
5783023
5783041
5784013
5784040
5786011
5786020
5823352
5823451
5823622
5823631
5824252
5824450
5824612
5824630
5825251
5825350
5825611
5825620
5827222
5827231
5827312
5827330
5827411
5827420
5841352
5841451
5841622
5841631
5844052
5845051
5847022
5847031
5851252
5851450
5851612
5851630
5853052
5855050
5857012
5857030
5861251
5861350
5861611
5861620
5863051
5864050
5867011
5867020
5881222
5881231
5881312
5881330
5881411
5881420
5883022
5883031
5884012
5884030
5885011
5885020
5923333
5923342
5923423
5923441
5923522
5923531
5924233
5924242
5924413
5924440
5924512
5924530
5925223
5925241
5925313
5925340
5925511
5925520
5926222
5926231
5926312
5926330
5926411
5926420
5941333
5941342
5941423
5941441
5941522
5941531
5944033
5944042
5945023
5945041
5946022
5946031
5951233
5951242
5951413
5951440
5951512
5951530
5953033
5953042
5955013
5955040
5956012
5956030
5961223
5961241
5961313
5961340
5961511
5961520
5963023
5963041
5964013
5964040
5966011
5966020
5971222
5971231
5971312
5971330
5971411
5971420
5973022
5973031
5974012
5974030
5975011
5975020
6355603
6356152
6356602
6357133
6357142
6357403
6357502
6362551
6362623
6362641
6364603
6366151
6366601
6367123
6367141
6367303
6367501
6372352
6372451
6372622
6372631
6374152
6374602
6375151
6375601
6377122
6377131
6377302
6377401
6382333
6382342
6382423
6382441
6382522
6382531
6384133
6384142
6384403
6384502
6385123
6385141
6385303
6385501
6386122
6386131
6386302
6386401
6456052
6457033
6457042
6461551
6461623
6461641
6466051
6467023
6467041
6471352
6471451
6471622
6471631
6474052
6475051
6477022
6477031
6481333
6481342
6481423
6481441
6481522
6481531
6484033
6484042
6485023
6485041
6486022
6486031
6625603
6626152
6626602
6627133
6627142
6627403
6627502
6636052
6637033
6637042
6661603
6667003
6671152
6671602
6672052
6677002
6681133
6681142
6681403
6681502
6682033
6682042
6685003
6686002
6722551
6722623
6722641
6724603
6726151
6726601
6727123
6727141
6727303
6727501
6731551
6731623
6731641
6736051
6737023
6737041
6751603
6757003
6771151
6771601
6772051
6777001
6781123
6781141
6781303
6781501
6782023
6782041
6784003
6786001
6822352
6822451
6822622
6822631
6824152
6824602
6825151
6825601
6827122
6827131
6827302
6827401
6831352
6831451
6831622
6831631
6834052
6835051
6837022
6837031
6851152
6851602
6852052
6857002
6861151
6861601
6862051
6867001
6881122
6881131
6881302
6881401
6882022
6882031
6884002
6885001
6922333
6922342
6922423
6922441
6922522
6922531
6924133
6924142
6924403
6924502
6925123
6925141
6925303
6925501
6926122
6926131
6926302
6926401
6931333
6931342
6931423
6931441
6931522
6931531
6934033
6934042
6935023
6935041
6936022
6936031
6951133
6951142
6951403
6951502
6952033
6952042
6955003
6956002
6961123
6961141
6961303
6961501
6962023
6962041
6964003
6966001
6971122
6971131
6971302
6971401
6972022
6972031
6974002
6975001
7335550
7335613
7335640
7336252
7336450
7336612
7336630
7337233
7337242
7337413
7337440
7337512
7337530
7345603
7346152
7346602
7347133
7347142
7347403
7347502
7362550
7362613
7362640
7363603
7366150
7366600
7367113
7367140
7367203
7367500
7372252
7372450
7372612
7372630
7373152
7373602
7375150
7375600
7377112
7377130
7377202
7377400
7382233
7382242
7382413
7382440
7382512
7382530
7383133
7383142
7383403
7383502
7385113
7385140
7385203
7385500
7386112
7386130
7386202
7386400
7425550
7425613
7425640
7426252
7426450
7426612
7426630
7427233
7427242
7427413
7427440
7427512
7427530
7446052
7447033
7447042
7461550
7461613
7461640
7466050
7467013
7467040
7471252
7471450
7471612
7471630
7473052
7475050
7477012
7477030
7481233
7481242
7481413
7481440
7481512
7481530
7483033
7483042
7485013
7485040
7486012
7486030
7525603
7526152
7526602
7527133
7527142
7527403
7527502
7536052
7537033
7537042
7561603
7567003
7571152
7571602
7572052
7577002
7581133
7581142
7581403
7581502
7582033
7582042
7585003
7586002
7722550
7722613
7722640
7723603
7726150
7726600
7727113
7727140
7727203
7727500
7731550
7731613
7731640
7736050
7737013
7737040
7741603
7747003
7771150
7771600
7772050
7777000
7781113
7781140
7781203
7781500
7782013
7782040
7783003
7786000
7822252
7822450
7822612
7822630
7823152
7823602
7825150
7825600
7827112
7827130
7827202
7827400
7831252
7831450
7831612
7831630
7833052
7835050
7837012
7837030
7841152
7841602
7842052
7847002
7861150
7861600
7862050
7867000
7881112
7881130
7881202
7881400
7882012
7882030
7883002
7885000
7922233
7922242
7922413
7922440
7922512
7922530
7923133
7923142
7923403
7923502
7925113
7925140
7925203
7925500
7926112
7926130
7926202
7926400
7931233
7931242
7931413
7931440
7931512
7931530
7933033
7933042
7935013
7935040
7936012
7936030
7941133
7941142
7941403
7941502
7942033
7942042
7945003
7946002
7961113
7961140
7961203
7961500
7962013
7962040
7963003
7966000
7971112
7971130
7971202
7971400
7972012
7972030
7973002
7975000
8333551
8333623
8333641
8334550
8334613
8334640
8336251
8336350
8336611
8336620
8337223
8337241
8337313
8337340
8337511
8337520
8342551
8342623
8342641
8344603
8346151
8346601
8347123
8347141
8347303
8347501
8352550
8352613
8352640
8353603
8356150
8356600
8357113
8357140
8357203
8357500
8372251
8372350
8372611
8372620
8373151
8373601
8374150
8374600
8377111
8377120
8377201
8377300
8382223
8382241
8382313
8382340
8382511
8382520
8383123
8383141
8383303
8383501
8384113
8384140
8384203
8384500
8386111
8386120
8386201
8386300
8423551
8423623
8423641
8424550
8424613
8424640
8426251
8426350
8426611
8426620
8427223
8427241
8427313
8427340
8427511
8427520
8441551
8441623
8441641
8446051
8447023
8447041
8451550
8451613
8451640
8456050
8457013
8457040
8471251
8471350
8471611
8471620
8473051
8474050
8477011
8477020
8481223
8481241
8481313
8481340
8481511
8481520
8483023
8483041
8484013
8484040
8486011
8486020
8522551
8522623
8522641
8524603
8526151
8526601
8527123
8527141
8527303
8527501
8531551
8531623
8531641
8536051
8537023
8537041
8551603
8557003
8571151
8571601
8572051
8577001
8581123
8581141
8581303
8581501
8582023
8582041
8584003
8586001
8622550
8622613
8622640
8623603
8626150
8626600
8627113
8627140
8627203
8627500
8631550
8631613
8631640
8636050
8637013
8637040
8641603
8647003
8671150
8671600
8672050
8677000
8681113
8681140
8681203
8681500
8682013
8682040
8683003
8686000
8822251
8822350
8822611
8822620
8823151
8823601
8824150
8824600
8827111
8827120
8827201
8827300
8831251
8831350
8831611
8831620
8833051
8834050
8837011
8837020
8841151
8841601
8842051
8847001
8851150
8851600
8852050
8857000
8881111
8881120
8881201
8881300
8882011
8882020
8883001
8884000
8922223
8922241
8922313
8922340
8922511
8922520
8923123
8923141
8923303
8923501
8924113
8924140
8924203
8924500
8926111
8926120
8926201
8926300
8931223
8931241
8931313
8931340
8931511
8931520
8933023
8933041
8934013
8934040
8936011
8936020
8941123
8941141
8941303
8941501
8942023
8942041
8944003
8946001
8951113
8951140
8951203
8951500
8952013
8952040
8953003
8956000
8971111
8971120
8971201
8971300
8972011
8972020
8973001
8974000
9333352
9333451
9333622
9333631
9334252
9334450
9334612
9334630
9335251
9335350
9335611
9335620
9337222
9337231
9337312
9337330
9337411
9337420
9342352
9342451
9342622
9342631
9344152
9344602
9345151
9345601
9347122
9347131
9347302
9347401
9352252
9352450
9352612
9352630
9353152
9353602
9355150
9355600
9357112
9357130
9357202
9357400
9362251
9362350
9362611
9362620
9363151
9363601
9364150
9364600
9367111
9367120
9367201
9367300
9382222
9382231
9382312
9382330
9382411
9382420
9383122
9383131
9383302
9383401
9384112
9384130
9384202
9384400
9385111
9385120
9385201
9385300
9423352
9423451
9423622
9423631
9424252
9424450
9424612
9424630
9425251
9425350
9425611
9425620
9427222
9427231
9427312
9427330
9427411
9427420
9441352
9441451
9441622
9441631
9444052
9445051
9447022
9447031
9451252
9451450
9451612
9451630
9453052
9455050
9457012
9457030
9461251
9461350
9461611
9461620
9463051
9464050
9467011
9467020
9481222
9481231
9481312
9481330
9481411
9481420
9483022
9483031
9484012
9484030
9485011
9485020
9522352
9522451
9522622
9522631
9524152
9524602
9525151
9525601
9527122
9527131
9527302
9527401
9531352
9531451
9531622
9531631
9534052
9535051
9537022
9537031
9551152
9551602
9552052
9557002
9561151
9561601
9562051
9567001
9581122
9581131
9581302
9581401
9582022
9582031
9584002
9585001
9622252
9622450
9622612
9622630
9623152
9623602
9625150
9625600
9627112
9627130
9627202
9627400
9631252
9631450
9631612
9631630
9633052
9635050
9637012
9637030
9641152
9641602
9642052
9647002
9661150
9661600
9662050
9667000
9681112
9681130
9681202
9681400
9682012
9682030
9683002
9685000
9722251
9722350
9722611
9722620
9723151
9723601
9724150
9724600
9727111
9727120
9727201
9727300
9731251
9731350
9731611
9731620
9733051
9734050
9737011
9737020
9741151
9741601
9742051
9747001
9751150
9751600
9752050
9757000
9781111
9781120
9781201
9781300
9782011
9782020
9783001
9784000
9922222
9922231
9922312
9922330
9922411
9922420
9923122
9923131
9923302
9923401
9924112
9924130
9924202
9924400
9925111
9925120
9925201
9925300
9931222
9931231
9931312
9931330
9931411
9931420
9933022
9933031
9934012
9934030
9935011
9935020
9941122
9941131
9941302
9941401
9942022
9942031
9944002
9945001
9951112
9951130
9951202
9951400
9952012
9952030
9953002
9955000
9961111
9961120
9961201
9961300
9962011
9962020
9963001
9964000
5(62)3
5(561)3
5(723)3
5(741)3
5(5560)3
5(5713)3
5(5740)3
5(6460)3
5(6712)3
5(6730)3
5(8233)3
5(8242)3
5(8413)3
5(8440)3
5(8512)3
5(8530)3
5(55703)3
5(56702)3
5(58133)3
5(58142)3
5(58403)3
5(58502)3
5(64703)3
5(66161)3
5(66701)3
5(68123)3
5(68141)3
5(68303)3
5(68501)3
5(72461)3
5(72722)3
5(72731)3
5(74702)3
5(75161)3
5(75701)3
5(78122)3
5(78131)3
5(78302)3
5(78401)3
5(92333)3
5(92342)3
5(92423)3
5(92441)3
5(92522)3
5(92531)3
5(94133)3
5(94142)3
5(94403)3
5(94502)3
5(95123)3
5(95141)3
5(95303)3
5(95501)3
5(96122)3
5(96131)3
5(96302)3
5(96401)3
5(558033)3
5(558042)3
5(566061)3
5(568023)3
5(568041)3
5(571461)3
5(571722)3
5(571731)3
5(575061)3
5(578022)3
5(578031)3
5(591333)3
5(591342)3
5(591423)3
5(591441)3
5(591522)3
5(591531)3
5(594033)3
5(594042)3
5(595023)3
5(595041)3
5(596022)3
5(596031)3
5(648033)3
5(648042)3
5(661560)3
5(661713)3
5(661740)3
5(666060)3
5(668013)3
5(668040)3
5(671460)3
5(671712)3
5(671730)3
5(675060)3
5(678012)3
5(678030)3
5(691233)3
5(691242)3
5(691413)3
5(691440)3
5(691512)3
5(691530)3
5(693033)3
5(693042)3
5(695013)3
5(695040)3
5(696012)3
5(696030)3
5(724560)3
5(724713)3
5(724740)3
5(726261)3
5(726360)3
5(726711)3
5(726720)3
5(728223)3
5(728241)3
5(728313)3
5(728340)3
5(728511)3
5(728520)3
5(746061)3
5(748023)3
5(748041)3
5(751560)3
5(751713)3
5(751740)3
5(756060)3
5(758013)3
5(758040)3
5(771261)3
5(771360)3
5(771711)3
5(771720)3
5(773061)3
5(774060)3
5(778011)3
5(778020)3
5(791223)3
5(791241)3
5(791313)3
5(791340)3
5(791511)3
5(791520)3
5(793023)3
5(793041)3
5(794013)3
5(794040)3
5(796011)3
5(796020)3
5(823461)3
5(823722)3
5(823731)3
5(824460)3
5(824712)3
5(824730)3
5(825261)3
5(825360)3
5(825711)3
5(825720)3
5(828222)3
5(828231)3
5(828312)3
5(828330)3
5(828411)3
5(828420)3
5(841461)3
5(841722)3
5(841731)3
5(845061)3
5(848022)3
5(848031)3
5(851460)3
5(851712)3
5(851730)3
5(855060)3
5(858012)3
5(858030)3
5(861261)3
5(861360)3
5(861711)3
5(861720)3
5(863061)3
5(864060)3
5(868011)3
5(868020)3
5(891222)3
5(891231)3
5(891312)3
5(891330)3
5(891411)3
5(891420)3
5(893022)3
5(893031)3
5(894012)3
5(894030)3
5(895011)3
5(895020)3
5(5570461)3
5(5570722)3
5(5570731)3
5(5590333)3
5(5590342)3
5(5590423)3
5(5590441)3
5(5590522)3
5(5590531)3
5(5660560)3
5(5660713)3
5(5660740)3
5(5670460)3
5(5670712)3
5(5670730)3
5(5690233)3
5(5690242)3
5(5690413)3
5(5690440)3
5(5690512)3
5(5690530)3
5(5714560)3
5(5714713)3
5(5714740)3
5(5716261)3
5(5716360)3
5(5716711)3
5(5716720)3
5(5718223)3
5(5718241)3
5(5718313)3
5(5718340)3
5(5718511)3
5(5718520)3
5(5750560)3
5(5750713)3
5(5750740)3
5(5770261)3
5(5770360)3
5(5770711)3
5(5770720)3
5(5790223)3
5(5790241)3
5(5790313)3
5(5790340)3
5(5790511)3
5(5790520)3
5(5813461)3
5(5813722)3
5(5813731)3
5(5814460)3
5(5814712)3
5(5814730)3
5(5815261)3
5(5815360)3
5(5815711)3
5(5815720)3
5(5818222)3
5(5818231)3
5(5818312)3
5(5818330)3
5(5818411)3
5(5818420)3
5(5840461)3
5(5840722)3
5(5840731)3
5(5850460)3
5(5850712)3
5(5850730)3
5(5860261)3
5(5860360)3
5(5860711)3
5(5860720)3
5(5890222)3
5(5890231)3
5(5890312)3
5(5890330)3
5(5890411)3
5(5890420)3
5(6470461)3
5(6470722)3
5(6470731)3
5(6490333)3
5(6490342)3
5(6490423)3
5(6490441)3
5(6490522)3
5(6490531)3
5(6615703)3
5(6616702)3
5(6618133)3
5(6618142)3
5(6618403)3
5(6618502)3
5(6660703)3
5(6670702)3
5(6690133)3
5(6690142)3
5(6690403)3
5(6690502)3
5(6714703)3
5(6716161)3
5(6716701)3
5(6718123)3
5(6718141)3
5(6718303)3
5(6718501)3
5(6750703)3
5(6770161)3
5(6770701)3
5(6790123)3
5(6790141)3
5(6790303)3
5(6790501)3
5(6812461)3
5(6812722)3
5(6812731)3
5(6814702)3
5(6815161)3
5(6815701)3
5(6818122)3
5(6818131)3
5(6818302)3
5(6818401)3
5(6830461)3
5(6830722)3
5(6830731)3
5(6850702)3
5(6860161)3
5(6860701)3
5(6890122)3
5(6890131)3
5(6890302)3
5(6890401)3
5(7245703)3
5(7246702)3
5(7248133)3
5(7248142)3
5(7248403)3
5(7248502)3
5(7262560)3
5(7262713)3
5(7262740)3
5(7263703)3
5(7266160)3
5(7266700)3
5(7268113)3
5(7268140)3
5(7268203)3
5(7268500)3
5(7272460)3
5(7272712)3
5(7272730)3
5(7273702)3
5(7275160)3
5(7275700)3
5(7278112)3
5(7278130)3
5(7278202)3
5(7278400)3
5(7292233)3
5(7292242)3
5(7292413)3
5(7292440)3
5(7292512)3
5(7292530)3
5(7293133)3
5(7293142)3
5(7293403)3
5(7293502)3
5(7295113)3
5(7295140)3
5(7295203)3
5(7295500)3
5(7296112)3
5(7296130)3
5(7296202)3
5(7296400)3
5(7460560)3
5(7460713)3
5(7460740)3
5(7470460)3
5(7470712)3
5(7470730)3
5(7490233)3
5(7490242)3
5(7490413)3
5(7490440)3
5(7490512)3
5(7490530)3
5(7515703)3
5(7516702)3
5(7518133)3
5(7518142)3
5(7518403)3
5(7518502)3
5(7560703)3
5(7570702)3
5(7590133)3
5(7590142)3
5(7590403)3
5(7590502)3
5(7712560)3
5(7712713)3
5(7712740)3
5(7713703)3
5(7716160)3
5(7716700)3
5(7718113)3
5(7718140)3
5(7718203)3
5(7718500)3
5(7730560)3
5(7730713)3
5(7730740)3
5(7740703)3
5(7770160)3
5(7770700)3
5(7790113)3
5(7790140)3
5(7790203)3
5(7790500)3
5(7812460)3
5(7812712)3
5(7812730)3
5(7813702)3
5(7815160)3
5(7815700)3
5(7818112)3
5(7818130)3
5(7818202)3
5(7818400)3
5(7830460)3
5(7830712)3
5(7830730)3
5(7840702)3
5(7860160)3
5(7860700)3
5(7890112)3
5(7890130)3
5(7890202)3
5(7890400)3
5(8234560)3
5(8234713)3
5(8234740)3
5(8236261)3
5(8236360)3
5(8236711)3
5(8236720)3
5(8238223)3
5(8238241)3
5(8238313)3
5(8238340)3
5(8238511)3
5(8238520)3
5(8244703)3
5(8246161)3
5(8246701)3
5(8248123)3
5(8248141)3
5(8248303)3
5(8248501)3
5(8252560)3
5(8252713)3
5(8252740)3
5(8253703)3
5(8256160)3
5(8256700)3
5(8258113)3
5(8258140)3
5(8258203)3
5(8258500)3
5(8272261)3
5(8272360)3
5(8272711)3
5(8272720)3
5(8273161)3
5(8273701)3
5(8274160)3
5(8274700)3
5(8278111)3
5(8278120)3
5(8278201)3
5(8278300)3
5(8292223)3
5(8292241)3
5(8292313)3
5(8292340)3
5(8292511)3
5(8292520)3
5(8293123)3
5(8293141)3
5(8293303)3
5(8293501)3
5(8294113)3
5(8294140)3
5(8294203)3
5(8294500)3
5(8296111)3
5(8296120)3
5(8296201)3
5(8296300)3
5(8414560)3
5(8414713)3
5(8414740)3
5(8416261)3
5(8416360)3
5(8416711)3
5(8416720)3
5(8418223)3
5(8418241)3
5(8418313)3
5(8418340)3
5(8418511)3
5(8418520)3
5(8450560)3
5(8450713)3
5(8450740)3
5(8470261)3
5(8470360)3
5(8470711)3
5(8470720)3
5(8490223)3
5(8490241)3
5(8490313)3
5(8490340)3
5(8490511)3
5(8490520)3
5(8514703)3
5(8516161)3
5(8516701)3
5(8518123)3
5(8518141)3
5(8518303)3
5(8518501)3
5(8550703)3
5(8570161)3
5(8570701)3
5(8590123)3
5(8590141)3
5(8590303)3
5(8590501)3
5(8612560)3
5(8612713)3
5(8612740)3
5(8613703)3
5(8616160)3
5(8616700)3
5(8618113)3
5(8618140)3
5(8618203)3
5(8618500)3
5(8630560)3
5(8630713)3
5(8630740)3
5(8640703)3
5(8670160)3
5(8670700)3
5(8690113)3
5(8690140)3
5(8690203)3
5(8690500)3
5(8812261)3
5(8812360)3
5(8812711)3
5(8812720)3
5(8813161)3
5(8813701)3
5(8814160)3
5(8814700)3
5(8818111)3
5(8818120)3
5(8818201)3
5(8818300)3
5(8830261)3
5(8830360)3
5(8830711)3
5(8830720)3
5(8840161)3
5(8840701)3
5(8850160)3
5(8850700)3
5(8890111)3
5(8890120)3
5(8890201)3
5(8890300)3
5(9233461)3
5(9233722)3
5(9233731)3
5(9234460)3
5(9234712)3
5(9234730)3
5(9235261)3
5(9235360)3
5(9235711)3
5(9235720)3
5(9238222)3
5(9238231)3
5(9238312)3
5(9238330)3
5(9238411)3
5(9238420)3
5(9242461)3
5(9242722)3
5(9242731)3
5(9244702)3
5(9245161)3
5(9245701)3
5(9248122)3
5(9248131)3
5(9248302)3
5(9248401)3
5(9252460)3
5(9252712)3
5(9252730)3
5(9253702)3
5(9255160)3
5(9255700)3
5(9258112)3
5(9258130)3
5(9258202)3
5(9258400)3
5(9262261)3
5(9262360)3
5(9262711)3
5(9262720)3
5(9263161)3
5(9263701)3
5(9264160)3
5(9264700)3
5(9268111)3
5(9268120)3
5(9268201)3
5(9268300)3
5(9292222)3
5(9292231)3
5(9292312)3
5(9292330)3
5(9292411)3
5(9292420)3
5(9293122)3
5(9293131)3
5(9293302)3
5(9293401)3
5(9294112)3
5(9294130)3
5(9294202)3
5(9294400)3
5(9295111)3
5(9295120)3
5(9295201)3
5(9295300)3
5(9413461)3
5(9413722)3
5(9413731)3
5(9414460)3
5(9414712)3
5(9414730)3
5(9415261)3
5(9415360)3
5(9415711)3
5(9415720)3
5(9418222)3
5(9418231)3
5(9418312)3
5(9418330)3
5(9418411)3
5(9418420)3
5(9440461)3
5(9440722)3
5(9440731)3
5(9450460)3
5(9450712)3
5(9450730)3
5(9460261)3
5(9460360)3
5(9460711)3
5(9460720)3
5(9490222)3
5(9490231)3
5(9490312)3
5(9490330)3
5(9490411)3
5(9490420)3
5(9512461)3
5(9512722)3
5(9512731)3
5(9514702)3
5(9515161)3
5(9515701)3
5(9518122)3
5(9518131)3
5(9518302)3
5(9518401)3
5(9530461)3
5(9530722)3
5(9530731)3
5(9550702)3
5(9560161)3
5(9560701)3
5(9590122)3
5(9590131)3
5(9590302)3
5(9590401)3
5(9612460)3
5(9612712)3
5(9612730)3
5(9613702)3
5(9615160)3
5(9615700)3
5(9618112)3
5(9618130)3
5(9618202)3
5(9618400)3
5(9630460)3
5(9630712)3
5(9630730)3
5(9640702)3
5(9660160)3
5(9660700)3
5(9690112)3
5(9690130)3
5(9690202)3
5(9690400)3
5(9712261)3
5(9712360)3
5(9712711)3
5(9712720)3
5(9713161)3
5(9713701)3
5(9714160)3
5(9714700)3
5(9718111)3
5(9718120)3
5(9718201)3
5(9718300)3
5(9730261)3
5(9730360)3
5(9730711)3
5(9730720)3
5(9740161)3
5(9740701)3
5(9750160)3
5(9750700)3
5(9790111)3
5(9790120)3
5(9790201)3
5(9790300)3
55(660)2
55(714)2
55(750)2
55(5704)2
55(7162)2
55(7702)2
55(8134)2
55(8152)2
55(8404)2
55(8602)2
55(57062)2
55(58034)2
55(58052)2
55(61625)2
55(67061)2
55(68024)2
55(68051)2
55(81362)2
55(81461)2
55(81722)2
55(81731)2
55(84062)2
55(85061)2
55(88022)2
55(88031)2
55(91334)2
55(91352)2
55(91424)2
55(91451)2
55(91622)2
55(91631)2
55(94034)2
55(94052)2
55(95024)2
55(95051)2
55(97022)2
55(97031)2
55(560625)2
55(580362)2
55(580461)2
55(580722)2
55(580731)2
55(590334)2
55(590352)2
55(590424)2
55(590451)2
55(590622)2
55(590631)2
55(615615)2
55(617235)2
55(617415)2
55(680262)2
55(680460)2
55(680712)2
55(680730)2
55(690234)2
55(690252)2
55(690414)2
55(690450)2
55(690612)2
55(690630)2
55(713625)2
55(717261)2
55(717360)2
55(717711)2
55(717720)2
55(718224)2
55(718251)2
55(718314)2
55(718350)2
55(718611)2
55(718620)2
55(740625)2
55(780261)2
55(780360)2
55(780711)2
55(780720)2
55(790224)2
55(790251)2
55(790314)2
55(790350)2
55(790611)2
55(790620)2
55(913362)2
55(913461)2
55(913722)2
55(913731)2
55(914262)2
55(914460)2
55(914712)2
55(914730)2
55(915261)2
55(915360)2
55(915711)2
55(915720)2
55(918222)2
55(918231)2
55(918312)2
55(918330)2
55(918411)2
55(918420)2
55(940362)2
55(940461)2
55(940722)2
55(940731)2
55(950262)2
55(950460)2
55(950712)2
55(950730)2
55(960261)2
55(960360)2
55(960711)2
55(960720)2
55(990222)2
55(990231)2
55(990312)2
55(990330)2
55(990411)2
55(990420)2
55(5605615)2
55(5607235)2
55(5607415)2
55(5703625)2
55(5707261)2
55(5707360)2
55(5707711)2
55(5707720)2
55(5708224)2
55(5708251)2
55(5708314)2
55(5708350)2
55(5708611)2
55(5708620)2
55(5903362)2
55(5903461)2
55(5903722)2
55(5903731)2
55(5904262)2
55(5904460)2
55(5904712)2
55(5904730)2
55(5905261)2
55(5905360)2
55(5905711)2
55(5905720)2
55(5908222)2
55(5908231)2
55(5908312)2
55(5908330)2
55(5908411)2
55(5908420)2
55(6157135)2
55(6157405)2
55(6162625)2
55(6162661)2
55(6162724)2
55(6162751)2
55(6164605)2
55(6167125)2
55(6167305)2
55(6182335)2
55(6182425)2
55(6184135)2
55(6184405)2
55(6185125)2
55(6185305)2
55(6702625)2
55(6704704)2
55(6707161)2
55(6707701)2
55(6708124)2
55(6708151)2
55(6708304)2
55(6708601)2
55(6902362)2
55(6902461)2
55(6902722)2
55(6902731)2
55(6904162)2
55(6904702)2
55(6905161)2
55(6905701)2
55(6908122)2
55(6908131)2
55(6908302)2
55(6908401)2
55(7137235)2
55(7137415)2
55(7163704)2
55(7167160)2
55(7167700)2
55(7168114)2
55(7168150)2
55(7168204)2
55(7168600)2
55(7182262)2
55(7182460)2
55(7182712)2
55(7182730)2
55(7183162)2
55(7183702)2
55(7185160)2
55(7185700)2
55(7188112)2
55(7188130)2
55(7188202)2
55(7188400)2
55(7192234)2
55(7192252)2
55(7192414)2
55(7192450)2
55(7192612)2
55(7192630)2
55(7193134)2
55(7193152)2
55(7193404)2
55(7193602)2
55(7195114)2
55(7195150)2
55(7195204)2
55(7195600)2
55(7197112)2
55(7197130)2
55(7197202)2
55(7197400)2
55(7407235)2
55(7407415)2
55(7703704)2
55(7707160)2
55(7707700)2
55(7708114)2
55(7708150)2
55(7708204)2
55(7708600)2
55(7902262)2
55(7902460)2
55(7902712)2
55(7902730)2
55(7903162)2
55(7903702)2
55(7905160)2
55(7905700)2
55(7908112)2
55(7908130)2
55(7908202)2
55(7908400)2
55(8133625)2
55(8137261)2
55(8137360)2
55(8137711)2
55(8137720)2
55(8138224)2
55(8138251)2
55(8138314)2
55(8138350)2
55(8138611)2
55(8138620)2
55(8142625)2
55(8144704)2
55(8147161)2
55(8147701)2
55(8148124)2
55(8148151)2
55(8148304)2
55(8148601)2
55(8153704)2
55(8157160)2
55(8157700)2
55(8158114)2
55(8158150)2
55(8158204)2
55(8158600)2
55(8182261)2
55(8182360)2
55(8182711)2
55(8182720)2
55(8183161)2
55(8183701)2
55(8184160)2
55(8184700)2
55(8188111)2
55(8188120)2
55(8188201)2
55(8188300)2
55(8192224)2
55(8192251)2
55(8192314)2
55(8192350)2
55(8192611)2
55(8192620)2
55(8193124)2
55(8193151)2
55(8193304)2
55(8193601)2
55(8194114)2
55(8194150)2
55(8194204)2
55(8194600)2
55(8197111)2
55(8197120)2
55(8197201)2
55(8197300)2
55(8403625)2
55(8407261)2
55(8407360)2
55(8407711)2
55(8407720)2
55(8408224)2
55(8408251)2
55(8408314)2
55(8408350)2
55(8408611)2
55(8408620)2
55(8502625)2
55(8504704)2
55(8507161)2
55(8507701)2
55(8508124)2
55(8508151)2
55(8508304)2
55(8508601)2
55(8603704)2
55(8607160)2
55(8607700)2
55(8608114)2
55(8608150)2
55(8608204)2
55(8608600)2
55(8902261)2
55(8902360)2
55(8902711)2
55(8902720)2
55(8903161)2
55(8903701)2
55(8904160)2
55(8904700)2
55(8908111)2
55(8908120)2
55(8908201)2
55(8908300)2
555(7063)1
555(8044)1
555(8053)1
555(70661)1
555(70724)1
555(70751)1
555(80363)1
555(80561)1
555(80723)1
555(80741)1
555(90344)1
555(90353)1
555(90524)1
555(90551)1
555(90623)1
555(90641)1
555(606264)1
555(803661)1
555(803724)1
555(803751)1
555(804660)1
555(804714)1
555(804750)1
555(807261)1
555(807360)1
555(807711)1
555(807720)1
555(808224)1
555(808251)1
555(808314)1
555(808350)1
555(808611)1
555(808620)1
555(903363)1
555(903561)1
555(903723)1
555(903741)1
555(904263)1
555(904560)1
555(904713)1
555(904740)1
555(906261)1
555(906360)1
555(906711)1
555(906720)1
555(908223)1
555(908241)1
555(908313)1
555(908340)1
555(908511)1
555(908520)1
555(6072364)1
555(6074164)1
555(7036264)1
555(7046605)1
555(7047145)1
555(7047505)1
555(7072660)1
555(7072714)1
555(7072750)1
555(7073704)1
555(7077160)1
555(7077700)1
555(7078114)1
555(7078150)1
555(7078204)1
555(7078600)1
555(7082263)1
555(7082560)1
555(7082713)1
555(7082740)1
555(7083163)1
555(7083703)1
555(7086160)1
555(7086700)1
555(7088113)1
555(7088140)1
555(7088203)1
555(7088500)1
555(7092244)1
555(7092253)1
555(7092514)1
555(7092550)1
555(7092613)1
555(7092640)1
555(7093144)1
555(7093153)1
555(7093504)1
555(7093603)1
555(7096114)1
555(7096150)1
555(7096204)1
555(7096600)1
555(7097113)1
555(7097140)1
555(7097203)1
555(7097500)1
555(9033661)1
555(9033724)1
555(9033751)1
555(9034660)1
555(9034714)1
555(9034750)1
555(9037261)1
555(9037360)1
555(9037711)1
555(9037720)1
555(9038224)1
555(9038251)1
555(9038314)1
555(9038350)1
555(9038611)1
555(9038620)1
555(9042661)1
555(9042724)1
555(9042751)1
555(9044704)1
555(9047161)1
555(9047701)1
555(9048124)1
555(9048151)1
555(9048304)1
555(9048601)1
555(9052660)1
555(9052714)1
555(9052750)1
555(9053704)1
555(9057160)1
555(9057700)1
555(9058114)1
555(9058150)1
555(9058204)1
555(9058600)1
555(9082261)1
555(9082360)1
555(9082711)1
555(9082720)1
555(9083161)1
555(9083701)1
555(9084160)1
555(9084700)1
555(9088111)1
555(9088120)1
555(9088201)1
555(9088300)1
555(9092224)1
555(9092251)1
555(9092314)1
555(9092350)1
555(9092611)1
555(9092620)1
555(9093124)1
555(9093151)1
555(9093304)1
555(9093601)1
555(9094114)1
555(9094150)1
555(9094204)1
555(9094600)1
555(9097111)1
555(9097120)1
555(9097201)1
555(9097300)1
6(822)33
6(831)33
6(6811)33
6(6820)33
6(9223)33
6(9241)33
6(9313)33
6(9340)33
6(9511)33
6(9520)33
6(36272)33
6(66800)33
6(69113)33
6(69140)33
6(69203)33
6(69500)33
6(72812)33
6(72830)33
6(73802)33
6(75800)33
6(79112)33
6(79130)33
6(79202)33
6(79400)33
6(362823)33
6(362841)33
6(372372)33
6(374172)33
6(669003)33
6(671802)33
6(679002)33
6(726801)33
6(729123)33
6(729141)33
6(729303)33
6(729501)33
6(739023)33
6(739041)33
6(759003)33
6(771801)33
6(779001)33
6(824802)33
6(825801)33
6(829122)33
6(829131)33
6(829302)33
6(829401)33
6(839022)33
6(839031)33
6(851802)33
6(859002)33
6(861801)33
6(869001)33
6(3626272)33
6(3626812)33
6(3626830)33
6(3629233)33
6(3629242)33
6(3629413)33
6(3629440)33
6(3629512)33
6(3629530)33
6(3671272)33
6(3673072)33
6(3723823)33
6(3723841)33
6(3741823)33
6(3741841)33
6(3824272)33
6(3844072)33
6(3851272)33
6(3853072)33
6(6719023)33
6(6719041)33
6(6819022)33
6(6819031)33
6(7226272)33
6(7269013)33
6(7269040)33
6(7271812)33
6(7271830)33
6(7279012)33
6(7279030)33
6(7316272)33
6(7370812)33
6(7370830)33
6(7719013)33
6(7719040)33
6(7811812)33
6(7811830)33
6(7819012)33
6(7819030)33
6(7820812)33
6(7820830)33
6(8249023)33
6(8249041)33
6(8259013)33
6(8259040)33
6(8271811)33
6(8271820)33
6(8279011)33
6(8279020)33
6(8370811)33
6(8370820)33
6(8519023)33
6(8519041)33
6(8619013)33
6(8619040)33
6(8811811)33
6(8811820)33
6(8819011)33
6(8819020)33
6(8820811)33
6(8820820)33
6(9224812)33
6(9224830)33
6(9225811)33
6(9225820)33
6(9229222)33
6(9229231)33
6(9229312)33
6(9229330)33
6(9229411)33
6(9229420)33
6(9249022)33
6(9249031)33
6(9251812)33
6(9251830)33
6(9259012)33
6(9259030)33
6(9261811)33
6(9261820)33
6(9269011)33
6(9269020)33
6(9314812)33
6(9314830)33
6(9315811)33
6(9315820)33
6(9319222)33
6(9319231)33
6(9319312)33
6(9319330)33
6(9319411)33
6(9319420)33
6(9350812)33
6(9350830)33
6(9360811)33
6(9360820)33
6(9519022)33
6(9519031)33
6(9611812)33
6(9611830)33
6(9619012)33
6(9619030)33
6(9620812)33
6(9620830)33
6(9711811)33
6(9711820)33
6(9719011)33
6(9719020)33
6(9720811)33
6(9720820)33
56(71)23
56(2626)23
56(7801)23
56(9124)23
56(9151)23
56(9304)23
56(9601)23
56(27416)23
56(67070)23
56(69014)23
56(69050)23
56(81470)23
56(81812)23
56(81830)23
56(85070)23
56(89012)23
56(89030)23
56(262824)23
56(262851)23
56(267126)23
56(267306)23
56(284406)23
56(285306)23
56(680802)23
56(780801)23
56(912822)23
56(912831)23
56(914802)23
56(915801)23
56(919122)23
56(919131)23
56(919302)23
56(919401)23
56(930822)23
56(930831)23
56(950802)23
56(960801)23
56(2627470)23
56(2627812)23
56(2627830)23
56(2629234)23
56(2629252)23
56(2629414)23
56(2629450)23
56(2629612)23
56(2629630)23
56(2667016)23
56(2681416)23
56(2685016)23
56(2741824)23
56(2741851)23
56(2757016)23
56(2781316)23
56(2784016)23
56(2924416)23
56(2925316)23
56(2951416)23
56(2955016)23
56(2961316)23
56(2964016)23
56(6709024)23
56(6709051)23
56(6901822)23
56(6901831)23
56(6909022)23
56(6909031)23
56(7307416)23
56(7707070)23
56(7709014)23
56(7709050)23
56(7901470)23
56(7901812)23
56(7901830)23
56(7905070)23
56(7909012)23
56(7909030)23
56(8149024)23
56(8149051)23
56(8157070)23
56(8159014)23
56(8159050)23
56(8181370)23
56(8181811)23
56(8181820)23
56(8184070)23
56(8189011)23
56(8189020)23
56(8509024)23
56(8509051)23
56(8607070)23
56(8609014)23
56(8609050)23
56(8901370)23
56(8901811)23
56(8901820)23
56(8904070)23
56(8909011)23
56(8909020)23
556(804)13
556(80570)13
556(80813)13
556(80840)13
556(174174)13
556(606606)13
556(607146)13
556(607506)13
556(807171)13
556(807801)13
556(809124)13
556(809151)13
556(809304)13
556(809601)13
556(902571)13
556(902823)13
556(902841)13
556(904803)13
556(906171)13
556(906801)13
556(909123)13
556(909141)13
556(909303)13
556(909501)13
556(1626274)13
556(1671274)13
556(1844074)13
556(1853074)13
556(6071626)13
556(6077026)13
556(6081346)13
556(6081526)13
556(6084046)13
556(6086026)13
556(7071670)13
556(7071814)13
556(7071850)13
556(9027271)13
556(9027370)13
556(9027811)13
556(9027820)13
556(9029224)13
556(9029251)13
556(9029314)13
556(9029350)13
556(9029611)13
556(9029620)13
556(9047071)13
556(9049024)13
556(9049051)13
556(9057070)13
556(9059014)13
556(9059050)13
556(9081271)13
556(9081370)13
556(9081811)13
556(9081820)13
556(9083071)13
556(9084070)13
556(9089011)13
556(9089020)13
66(8170)22
66(8800)22
66(9115)22
66(9160)22
66(9205)22
66(9700)22
66(69005)22
66(91172)22
66(91802)22
66(92072)22
66(99002)22
66(690072)22
66(790071)22
66(2714716)22
66(2714770)22
66(2714815)22
66(2714860)22
66(2750716)22
66(2750770)22
66(2750815)22
66(2750860)22
66(8118226)22
66(8118316)22
66(8190271)22
66(8190370)22
66(8190811)22
66(8190820)22
66(8208226)22
66(8208316)22
566(90173)12
566(90803)12
566(808071)12
566(809025)12
566(809061)12
566(9014716)12
566(9018271)12
566(9018370)12
566(9018811)12
566(9018820)12
566(9019225)12
566(9019261)12
566(9019315)12
566(9019360)12
566(9019711)12
566(9019720)12
566(9050716)12
566(9090271)12
566(9090370)12
566(9090811)12
566(9090820)12
666(90074)11
666(900771)11
666(900825)11
666(900861)11
7(3471481)333
7(3475081)333
7(3822922)333
7(3822931)333
7(3831922)333
7(3831931)333
57(912)233
57(930)233
57(81911)233
57(81920)233
57(282282)233
57(283182)233
57(780900)233
57(913902)233
57(915900)233
57(940902)233
57(960900)233
57(2924182)233
57(2934082)233
57(2951182)233
57(2952082)233
57(7901902)233
57(8127181)233
57(8181901)233
57(8307181)233
57(8901901)233
557(903)133
557(147147)133
557(147507)133
557(183183)133
557(507507)133
557(807900)133
557(906900)133
557(1484047)133
557(1831924)133
557(1831951)133
557(1934083)133
557(1952083)133
557(5084047)133
557(9081901)133
67(91901)223
67(2718901)223
67(8190901)223
567(80)123
567(1717)123
567(171915)123
567(171960)123
567(178017)123
567(191247)123
567(193047)123
567(1890307)123
567(9090901)123
68(291291)2233
68(293091)2233
68(390390)2233
579(309309)12233
