4
53
552
633
642
5551
5623
5641
6352
6451
6622
6631
7333
7342
7423
7441
7522
7531
55550
55613
55640
56252
56450
56612
56630
57233
57242
57413
57440
57512
57530
63551
63623
63641
64550
64613
64640
66251
66350
66611
66620
67223
67241
67313
67340
67511
67520
73352
73451
73622
73631
74252
74450
74612
74630
75251
75350
75611
75620
77222
77231
77312
77330
77411
77420
83333
83342
83423
83441
83522
83531
84233
84242
84413
84440
84512
84530
85223
85241
85313
85340
85511
85520
86222
86231
86312
86330
86411
86420
666600
667500
675600
677400
685500
686400
756600
757500
774600
777300
784500
786300
855600
857400
864600
867300
884400
885120
885201
885300
955500
956400
964500
966300
974400
975120
975201
975300
5(62)3
5(561)3
5(723)3
5(741)3
5(5560)3
5(5713)3
5(5740)3
5(6460)3
5(6712)3
5(6730)3
5(8233)3
5(8242)3
5(8413)3
5(8440)3
5(8512)3
5(8530)3
5(55703)3
5(56702)3
5(58133)3
5(58142)3
5(58403)3
5(58502)3
5(64703)3
5(66161)3
5(66701)3
5(68123)3
5(68141)3
5(68303)3
5(68501)3
5(72461)3
5(72722)3
5(72731)3
5(74702)3
5(75161)3
5(75701)3
5(78122)3
5(78131)3
5(78302)3
5(78401)3
5(92333)3
5(92342)3
5(92423)3
5(92441)3
5(92522)3
5(92531)3
5(94133)3
5(94142)3
5(94403)3
5(94502)3
5(95123)3
5(95141)3
5(95303)3
5(95501)3
5(96122)3
5(96131)3
5(96302)3
5(96401)3
5(666060)3
5(668040)3
5(675060)3
5(678030)3
5(695040)3
5(696030)3
5(756060)3
5(758040)3
5(774060)3
5(778011)3
5(778020)3
5(791520)3
5(794040)3
5(796011)3
5(796020)3
5(855060)3
5(858012)3
5(858030)3
5(864060)3
5(868011)3
5(868020)3
5(891420)3
5(894012)3
5(894030)3
5(895011)3
5(895020)3
5(a55040)3
5(a56012)3
5(a56030)3
5(a61520)3
5(a64040)3
5(a66011)3
5(a66020)3
5(a71420)3
5(a74012)3
5(a74030)3
5(a75011)3
5(a75020)3
55(660)2
55(714)2
55(750)2
55(5704)2
55(7162)2
55(7702)2
55(8134)2
55(8152)2
55(8404)2
55(8602)2
55(57062)2
55(58034)2
55(58052)2
55(61625)2
55(67061)2
55(68024)2
55(68051)2
55(81362)2
55(81461)2
55(81722)2
55(81731)2
55(84062)2
55(85061)2
55(88022)2
55(88031)2
55(91334)2
55(91352)2
55(91424)2
55(91451)2
55(91622)2
55(91631)2
55(94034)2
55(94052)2
55(95024)2
55(95051)2
55(97022)2
55(97031)2
55(680460)2
55(680730)2
55(690450)2
55(690630)2
55(780360)2
55(780711)2
55(780720)2
55(790251)2
55(790350)2
55(790611)2
55(790620)2
55(915720)2
55(918420)2
55(950460)2
55(950712)2
55(950730)2
55(960360)2
55(960711)2
55(960720)2
55(990231)2
55(990312)2
55(990330)2
55(990411)2
55(990420)2
55(a15620)2
55(a17420)2
55(a50450)2
55(a50612)2
55(a50630)2
55(a60251)2
55(a60350)2
55(a60611)2
55(a60620)2
55(a80231)2
55(a80312)2
55(a80330)2
55(a80411)2
55(a80420)2
555(7063)1
555(8044)1
555(8053)1
555(70661)1
555(70724)1
555(70751)1
555(80363)1
555(80561)1
555(80723)1
555(80741)1
555(90344)1
555(90353)1
555(90524)1
555(90551)1
555(90623)1
555(90641)1
555(804660)1
555(804750)1
555(807360)1
555(807711)1
555(807720)1
555(808350)1
555(808611)1
555(808620)1
555(904560)1
555(904740)1
555(906360)1
555(906711)1
555(906720)1
555(908241)1
555(908340)1
555(908511)1
555(908520)1
555(a04550)1
555(a04640)1
555(a06251)1
555(a06350)1
555(a06611)1
555(a06620)1
555(a07241)1
555(a07340)1
555(a07511)1
555(a07520)1
6(822)33
6(831)33
6(6811)33
6(6820)33
6(9223)33
6(9241)33
6(9313)33
6(9340)33
6(9511)33
6(9520)33
6(36272)33
6(66800)33
6(69113)33
6(69140)33
6(69203)33
6(69500)33
6(72812)33
6(72830)33
6(73802)33
6(75800)33
6(79112)33
6(79130)33
6(79202)33
6(79400)33
6(a2233)33
6(a2242)33
6(a2413)33
6(a2440)33
6(a2512)33
6(a2530)33
6(a3133)33
6(a3142)33
6(a3403)33
6(a3502)33
6(a5113)33
6(a5140)33
6(a5203)33
6(a5500)33
6(a6112)33
6(a6130)33
6(a6202)33
6(a6400)33
6(669003)33
6(679002)33
6(6a1502)33
6(6a5003)33
6(6a6002)33
6(729501)33
6(759003)33
6(771801)33
6(779001)33
6(7a1501)33
6(7a2041)33
6(7a4003)33
6(7a6001)33
6(825801)33
6(829401)33
6(859002)33
6(861801)33
6(869001)33
6(8a1302)33
6(8a1401)33
6(8a2031)33
6(8a4002)33
6(8a5001)33
56(71)23
56(2626)23
56(7801)23
56(9124)23
56(9151)23
56(9304)23
56(9601)23
56(27416)23
56(67070)23
56(69014)23
56(69050)23
56(81470)23
56(81812)23
56(81830)23
56(85070)23
56(89012)23
56(89030)23
56(a1234)23
56(a1252)23
56(a1414)23
56(a1450)23
56(a1612)23
56(a1630)23
56(a3034)23
56(a3052)23
56(a5014)23
56(a5050)23
56(a7012)23
56(a7030)23
56(680802)23
56(6a0152)23
56(6a0404)23
56(6a0602)23
56(780801)23
56(7a0124)23
56(7a0151)23
56(7a0304)23
56(7a0601)23
56(914802)23
56(915801)23
56(919302)23
56(919401)23
56(950802)23
56(960801)23
56(9a0122)23
56(9a0131)23
56(9a0302)23
56(9a0401)23
556(804)13
556(80570)13
556(80813)13
556(80840)13
556(a0244)13
556(a0253)13
556(a0514)13
556(a0550)13
556(a0613)13
556(a0640)13
556(606606)13
556(607506)13
556(802851)13
556(807171)13
556(807801)13
556(809124)13
556(809151)13
556(809304)13
556(809601)13
556(902571)13
556(902841)13
556(904803)13
556(906171)13
556(906801)13
556(909123)13
556(909141)13
556(909303)13
556(909501)13
66(8170)22
66(8800)22
66(9115)22
66(9160)22
66(9205)22
66(9700)22
66(69005)22
66(91172)22
66(91802)22
66(92072)22
66(99002)22
66(a1135)22
66(a1162)22
66(a1405)22
66(a1702)22
66(a2035)22
66(a2062)22
66(a5005)22
66(a8002)22
66(690072)22
66(6a0035)22
66(6a0062)22
66(790071)22
66(7a0025)22
66(7a0061)22
66(a14072)22
66(a15071)22
66(a19022)22
66(a19031)22
66(a20471)22
66(a20831)22
66(a50072)22
66(a60071)22
66(aa0022)22
66(aa0031)22
566(90173)12
566(90803)12
566(a0145)12
566(a0163)12
566(a0505)12
566(a0703)12
566(808071)12
566(809025)12
566(809061)12
566(a01571)12
566(a01823)12
566(a01841)12
566(a04073)12
566(a06071)12
566(a09023)12
566(a09041)12
666(90074)11
666(a0055)11
666(a0064)11
666(180825)11
666(900771)11
666(900825)11
666(900861)11
666(a00374)11
666(a00671)11
666(a00824)11
666(a00851)11
7(a222)333
7(a231)333
7(a312)333
7(a330)333
7(a411)333
7(a420)333
7(7a111)333
7(7a120)333
7(7a201)333
7(7a300)333
7(77a000)333
7(82a130)333
7(82a400)333
7(83a012)333
7(83a030)333
7(84a002)333
7(86a000)333
57(912)233
57(930)233
57(81911)233
57(81920)233
57(8a011)233
57(8a020)233
57(780900)233
57(913902)233
57(915900)233
57(91a130)233
57(91a202)233
57(91a400)233
57(940902)233
57(960900)233
557(903)133
557(a024)133
557(a051)133
557(507507)133
557(807900)133
557(80a114)133
557(80a150)133
557(80a204)133
557(80a600)133
557(906900)133
557(90a113)133
557(90a140)133
557(90a203)133
557(90a500)133
67(91901)223
67(9a001)223
67(a11930)223
67(a1a012)223
67(a1a030)223
67(a20912)223
67(a20930)223
567(80)123
567(1717)123
567(a015)123
567(a060)123
567(171960)123
567(178017)123
567(a01913)123
567(a01940)123
567(a0a013)123
567(a0a040)123
667(a00680)113
667(a00914)113
667(a00950)113
77(a1180)222
77(a1900)222
77(a2080)222
77(aa000)222
58(580a01)2333
68(a11)2233
68(a20)2233
68(293091)2233
68(390390)2233
568(90a01)1233
578(a0a00)1223
569(6080a0)12333
579(1a20a1)12233
579(309309)12233
68a(20a20a)112233
