5
64
663
744
753
6662
6734
6752
7463
7562
7733
7742
66661
66724
66751
67363
67561
67723
67741
74662
74734
74752
75661
75724
75751
77362
77461
77722
77731
666660
666714
666750
667263
667560
667713
667740
673662
673734
673752
675660
675714
675750
677262
677460
677712
677730
746661
746724
746751
747363
747561
747723
747741
756660
756714
756750
757263
757560
757713
757740
773661
773724
773751
774660
774714
774750
777261
777360
777711
777720
6(73)4
6(672)4
6(6671)4
6(7373)4
6(7571)4
6(66670)4
6(67273)4
6(67570)4
6(75670)4
6(77272)4
6(77470)4
6(667173)4
6(672672)4
6(677172)4
6(737373)4
6(737571)4
6(772671)4
6(777171)4
66(771)3
66(6770)3
66(771771)3
