5
64
663
744
753
6662
6734
6752
7463
7562
7733
7742
8444
8453
8534
8552
8633
8642
66661
66724
66751
67363
67561
67723
67741
68344
68353
68524
68551
68623
68641
74662
74734
74752
75661
75724
75751
77362
77461
77722
77731
78334
78352
78424
78451
78622
78631
84463
84562
84733
84742
85363
85561
85723
85741
86362
86461
86722
86731
88333
88342
88423
88441
88522
88531
666660
666714
666750
667263
667560
667713
667740
668244
668253
668514
668550
668613
668640
673662
673734
673752
675660
675714
675750
677262
677460
677712
677730
678234
678252
678414
678450
678612
678630
683463
683562
683733
683742
685263
685560
685713
685740
686262
686460
686712
686730
688233
688242
688413
688440
688512
688530
746661
746724
746751
747363
747561
747723
747741
748344
748353
748524
748551
748623
748641
756660
756714
756750
757263
757560
757713
757740
758244
758253
758514
758550
758613
758640
773661
773724
773751
774660
774714
774750
777261
777360
777711
777720
778224
778251
778314
778350
778611
778620
783363
783561
783723
783741
784263
784560
784713
784740
786261
786360
786711
786720
788223
788241
788313
788340
788511
788520
844662
844734
844752
845661
845724
845751
847362
847461
847722
847731
848334
848352
848424
848451
848622
848631
853662
853734
853752
855660
855714
855750
857262
857460
857712
857730
858234
858252
858414
858450
858612
858630
863661
863724
863751
864660
864714
864750
867261
867360
867711
867720
868224
868251
868314
868350
868611
868620
883362
883461
883722
883731
884262
884460
884712
884730
885261
885360
885711
885720
888222
888231
888312
888330
888411
888420
6(73)4
6(672)4
6(834)4
6(852)4
6(6671)4
6(6824)4
6(6851)4
6(7571)4
6(7823)4
6(7841)4
6(66670)4
6(66814)4
6(66850)4
6(67570)4
6(67813)4
6(67840)4
6(75670)4
6(75814)4
6(75850)4
6(77272)4
6(77470)4
6(77812)4
6(77830)4
6(83572)4
6(83833)4
6(83842)4
6(85570)4
6(85813)4
6(85840)4
6(86272)4
6(86470)4
6(86812)4
6(86830)4
6(666804)4
6(667803)4
6(675804)4
6(677172)4
6(677802)4
6(682572)4
6(682833)4
6(682842)4
6(685803)4
6(686172)4
6(686802)4
6(756804)4
6(757803)4
6(772671)4
6(772824)4
6(772851)4
6(774804)4
6(777171)4
6(777801)4
6(782571)4
6(782823)4
6(782841)4
6(784803)4
6(786171)4
6(786801)4
6(835671)4
6(835824)4
6(835851)4
6(837372)4
6(837471)4
6(837822)4
6(837831)4
6(855804)4
6(857172)4
6(857802)4
6(862671)4
6(862824)4
6(862851)4
6(864804)4
6(867171)4
6(867801)4
6(882372)4
6(882471)4
6(882822)4
6(882831)4
6(884172)4
6(884802)4
6(885171)4
6(885801)4
66(771)3
66(825)3
66(861)3
66(6770)3
66(6815)3
66(6860)3
66(8273)3
66(8570)3
66(8813)3
66(8840)3
66(66805)3
66(68173)3
66(68803)3
66(72736)3
66(75805)3
66(78172)3
66(78802)3
66(668073)3
66(671736)3
66(678072)3
66(726726)3
66(728346)3
66(728526)3
66(758073)3
66(778071)3
66(824736)3
66(828372)3
66(828471)3
66(828822)3
66(828831)3
66(851736)3
66(858072)3
66(868071)3
666(7805)2
666(8174)2
666(8804)2
666(68074)2
666(81772)2
666(81835)2
666(81862)2
666(88072)2
666(680772)2
666(680835)2
666(680862)2
666(717375)2
666(780771)2
666(780825)2
666(780861)2
6666(80773)1
6666(80845)1
6666(80863)1
6666(807771)1
6666(807825)1
6666(807861)1
6666(808374)1
6666(808671)1
6666(808824)1
6666(808851)1
7(47383)44
7(483483)44
7(485283)44
67(82)34
67(3737)34
67(8480)34
67(38527)34
67(78181)34
67(378237)34
67(378417)34
67(778080)34
67(868080)34
667(780)24
667(88081)24
667(285285)24
667(717717)24
667(718257)24
667(718617)24
6667(808284)14
6677(182586)13
6677(186186)13
6677(807807)13
668(258258)244
678(2828)234
