5
64
663
744
753
6662
6734
6752
7463
7562
7733
7742
8444
8453
8534
8552
8633
8642
66661
66724
66751
67363
67561
67723
67741
68344
68353
68524
68551
68623
68641
74662
74734
74752
75661
75724
75751
77362
77461
77722
77731
78334
78352
78424
78451
78622
78631
84463
84562
84733
84742
85363
85561
85723
85741
86362
86461
86722
86731
88333
88342
88423
88441
88522
88531
94444
94453
94534
94552
94633
94642
95344
95353
95524
95551
95623
95641
96334
96352
96424
96451
96622
96631
97333
97342
97423
97441
97522
97531
666660
666714
666750
667263
667560
667713
667740
668244
668253
668514
668550
668613
668640
673662
673734
673752
675660
675714
675750
677262
677460
677712
677730
678234
678252
678414
678450
678612
678630
683463
683562
683733
683742
685263
685560
685713
685740
686262
686460
686712
686730
688233
688242
688413
688440
688512
688530
693444
693453
693534
693552
693633
693642
695244
695253
695514
695550
695613
695640
696234
696252
696414
696450
696612
696630
697233
697242
697413
697440
697512
697530
746661
746724
746751
747363
747561
747723
747741
748344
748353
748524
748551
748623
748641
756660
756714
756750
757263
757560
757713
757740
758244
758253
758514
758550
758613
758640
773661
773724
773751
774660
774714
774750
777261
777360
777711
777720
778224
778251
778314
778350
778611
778620
783363
783561
783723
783741
784263
784560
784713
784740
786261
786360
786711
786720
788223
788241
788313
788340
788511
788520
793344
793353
793524
793551
793623
793641
794244
794253
794514
794550
794613
794640
796224
796251
796314
796350
796611
796620
797223
797241
797313
797340
797511
797520
844662
844734
844752
845661
845724
845751
847362
847461
847722
847731
848334
848352
848424
848451
848622
848631
853662
853734
853752
855660
855714
855750
857262
857460
857712
857730
858234
858252
858414
858450
858612
858630
863661
863724
863751
864660
864714
864750
867261
867360
867711
867720
868224
868251
868314
868350
868611
868620
883362
883461
883722
883731
884262
884460
884712
884730
885261
885360
885711
885720
888222
888231
888312
888330
888411
888420
893334
893352
893424
893451
893622
893631
894234
894252
894414
894450
894612
894630
895224
895251
895314
895350
895611
895620
897222
897231
897312
897330
897411
897420
944463
944562
944733
944742
945363
945561
945723
945741
946362
946461
946722
946731
948333
948342
948423
948441
948522
948531
953463
953562
953733
953742
955263
955560
955713
955740
956262
956460
956712
956730
958233
958242
958413
958440
958512
958530
963363
963561
963723
963741
964263
964560
964713
964740
966261
966360
966711
966720
968223
968241
968313
968340
968511
968520
973362
973461
973722
973731
974262
974460
974712
974730
975261
975360
975711
975720
978222
978231
978312
978330
978411
978420
993333
993342
993423
993441
993522
993531
994233
994242
994413
994440
994512
994530
995223
995241
995313
995340
995511
995520
996222
996231
996312
996330
996411
996420
a44444
a44453
a44534
a44552
a44633
a44642
a45344
a45353
a45524
a45551
a45623
a45641
a46334
a46352
a46424
a46451
a46622
a46631
a47333
a47342
a47423
a47441
a47522
a47531
a53444
a53453
a53534
a53552
a53633
a53642
a55244
a55253
a55514
a55550
a55613
a55640
a56234
a56252
a56414
a56450
a56612
a56630
a57233
a57242
a57413
a57440
a57512
a57530
a63344
a63353
a63524
a63551
a63623
a63641
a64244
a64253
a64514
a64550
a64613
a64640
a66224
a66251
a66314
a66350
a66611
a66620
a67223
a67241
a67313
a67340
a67511
a67520
a73334
a73352
a73424
a73451
a73622
a73631
a74234
a74252
a74414
a74450
a74612
a74630
a75224
a75251
a75314
a75350
a75611
a75620
a77222
a77231
a77312
a77330
a77411
a77420
a83333
a83342
a83423
a83441
a83522
a83531
a84233
a84242
a84413
a84440
a84512
a84530
a85223
a85241
a85313
a85340
a85511
a85520
a86222
a86231
a86312
a86330
a86411
a86420
6666704
6667163
6667703
6668144
6668153
6668504
6668603
6672662
6672734
6672752
6675704
6677162
6677702
6678134
6678152
6678404
6678602
6682463
6682562
6682733
6682742
6685163
6685703
6686162
6686702
6688133
6688142
6688403
6688502
6692444
6692453
6692534
6692552
6692633
6692642
6695144
6695153
6695504
6695603
6696134
6696152
6696404
6696602
6697133
6697142
6697403
6697502
6736661
6736724
6736751
6737363
6737561
6737723
6737741
6738344
6738353
6738524
6738551
6738623
6738641
6756704
6757163
6757703
6758144
6758153
6758504
6758603
6772661
6772724
6772751
6774704
6777161
6777701
6778124
6778151
6778304
6778601
6782363
6782561
6782723
6782741
6784163
6784703
6786161
6786701
6788123
6788141
6788303
6788501
6792344
6792353
6792524
6792551
6792623
6792641
6794144
6794153
6794504
6794603
6796124
6796151
6796304
6796601
6797123
6797141
6797303
6797501
6834662
6834734
6834752
6835661
6835724
6835751
6837362
6837461
6837722
6837731
6838334
6838352
6838424
6838451
6838622
6838631
6852662
6852734
6852752
6855704
6857162
6857702
6858134
6858152
6858404
6858602
6862661
6862724
6862751
6864704
6867161
6867701
6868124
6868151
6868304
6868601
6882362
6882461
6882722
6882731
6884162
6884702
6885161
6885701
6888122
6888131
6888302
6888401
6892334
6892352
6892424
6892451
6892622
6892631
6894134
6894152
6894404
6894602
6895124
6895151
6895304
6895601
6897122
6897131
6897302
6897401
6934463
6934562
6934733
6934742
6935363
6935561
6935723
6935741
6936362
6936461
6936722
6936731
6938333
6938342
6938423
6938441
6938522
6938531
6952463
6952562
6952733
6952742
6955163
6955703
6956162
6956702
6958133
6958142
6958403
6958502
6962363
6962561
6962723
6962741
6964163
6964703
6966161
6966701
6968123
6968141
6968303
6968501
6972362
6972461
6972722
6972731
6974162
6974702
6975161
6975701
6978122
6978131
6978302
6978401
6992333
6992342
6992423
6992441
6992522
6992531
6994133
6994142
6994403
6994502
6995123
6995141
6995303
6995501
6996122
6996131
6996302
6996401
6a34444
6a34453
6a34534
6a34552
6a34633
6a34642
6a35344
6a35353
6a35524
6a35551
6a35623
6a35641
6a36334
6a36352
6a36424
6a36451
6a36622
6a36631
6a37333
6a37342
6a37423
6a37441
6a37522
6a37531
6a52444
6a52453
6a52534
6a52552
6a52633
6a52642
6a55144
6a55153
6a55504
6a55603
6a56134
6a56152
6a56404
6a56602
6a57133
6a57142
6a57403
6a57502
6a62344
6a62353
6a62524
6a62551
6a62623
6a62641
6a64144
6a64153
6a64504
6a64603
6a66124
6a66151
6a66304
6a66601
6a67123
6a67141
6a67303
6a67501
6a72334
6a72352
6a72424
6a72451
6a72622
6a72631
6a74134
6a74152
6a74404
6a74602
6a75124
6a75151
6a75304
6a75601
6a77122
6a77131
6a77302
6a77401
6a82333
6a82342
6a82423
6a82441
6a82522
6a82531
6a84133
6a84142
6a84403
6a84502
6a85123
6a85141
6a85303
6a85501
6a86122
6a86131
6a86302
6a86401
7466660
7466714
7466750
7467263
7467560
7467713
7467740
7468244
7468253
7468514
7468550
7468613
7468640
7473662
7473734
7473752
7475660
7475714
7475750
7477262
7477460
7477712
7477730
7478234
7478252
7478414
7478450
7478612
7478630
7483463
7483562
7483733
7483742
7485263
7485560
7485713
7485740
7486262
7486460
7486712
7486730
7488233
7488242
7488413
7488440
7488512
7488530
7493444
7493453
7493534
7493552
7493633
7493642
7495244
7495253
7495514
7495550
7495613
7495640
7496234
7496252
7496414
7496450
7496612
7496630
7497233
7497242
7497413
7497440
7497512
7497530
7566704
7567163
7567703
7568144
7568153
7568504
7568603
7572662
7572734
7572752
7575704
7577162
7577702
7578134
7578152
7578404
7578602
7582463
7582562
7582733
7582742
7585163
7585703
7586162
7586702
7588133
7588142
7588403
7588502
7592444
7592453
7592534
7592552
7592633
7592642
7595144
7595153
7595504
7595603
7596134
7596152
7596404
7596602
7597133
7597142
7597403
7597502
7736660
7736714
7736750
7737263
7737560
7737713
7737740
7738244
7738253
7738514
7738550
7738613
7738640
7746704
7747163
7747703
7748144
7748153
7748504
7748603
7772660
7772714
7772750
7773704
7777160
7777700
7778114
7778150
7778204
7778600
7782263
7782560
7782713
7782740
7783163
7783703
7786160
7786700
7788113
7788140
7788203
7788500
7792244
7792253
7792514
7792550
7792613
7792640
7793144
7793153
7793504
7793603
7796114
7796150
7796204
7796600
7797113
7797140
7797203
7797500
7833662
7833734
7833752
7835660
7835714
7835750
7837262
7837460
7837712
7837730
7838234
7838252
7838414
7838450
7838612
7838630
7842662
7842734
7842752
7845704
7847162
7847702
7848134
7848152
7848404
7848602
7862660
7862714
7862750
7863704
7867160
7867700
7868114
7868150
7868204
7868600
7882262
7882460
7882712
7882730
7883162
7883702
7885160
7885700
7888112
7888130
7888202
7888400
7892234
7892252
7892414
7892450
7892612
7892630
7893134
7893152
7893404
7893602
7895114
7895150
7895204
7895600
7897112
7897130
7897202
7897400
7933463
7933562
7933733
7933742
7935263
7935560
7935713
7935740
7936262
7936460
7936712
7936730
7938233
7938242
7938413
7938440
7938512
7938530
7942463
7942562
7942733
7942742
7945163
7945703
7946162
7946702
7948133
7948142
7948403
7948502
7962263
7962560
7962713
7962740
7963163
7963703
7966160
7966700
7968113
7968140
7968203
7968500
7972262
7972460
7972712
7972730
7973162
7973702
7975160
7975700
7978112
7978130
7978202
7978400
7992233
7992242
7992413
7992440
7992512
7992530
7993133
7993142
7993403
7993502
7995113
7995140
7995203
7995500
7996112
7996130
7996202
7996400
7a33444
7a33453
7a33534
7a33552
7a33633
7a33642
7a35244
7a35253
7a35514
7a35550
7a35613
7a35640
7a36234
7a36252
7a36414
7a36450
7a36612
7a36630
7a37233
7a37242
7a37413
7a37440
7a37512
7a37530
7a42444
7a42453
7a42534
7a42552
7a42633
7a42642
7a45144
7a45153
7a45504
7a45603
7a46134
7a46152
7a46404
7a46602
7a47133
7a47142
7a47403
7a47502
7a62244
7a62253
7a62514
7a62550
7a62613
7a62640
7a63144
7a63153
7a63504
7a63603
7a66114
7a66150
7a66204
7a66600
7a67113
7a67140
7a67203
7a67500
7a72234
7a72252
7a72414
7a72450
7a72612
7a72630
7a73134
7a73152
7a73404
7a73602
7a75114
7a75150
7a75204
7a75600
7a77112
7a77130
7a77202
7a77400
7a82233
7a82242
7a82413
7a82440
7a82512
7a82530
7a83133
7a83142
7a83403
7a83502
7a85113
7a85140
7a85203
7a85500
7a86112
7a86130
7a86202
7a86400
8446661
8446724
8446751
8447363
8447561
8447723
8447741
8448344
8448353
8448524
8448551
8448623
8448641
8456660
8456714
8456750
8457263
8457560
8457713
8457740
8458244
8458253
8458514
8458550
8458613
8458640
8473661
8473724
8473751
8474660
8474714
8474750
8477261
8477360
8477711
8477720
8478224
8478251
8478314
8478350
8478611
8478620
8483363
8483561
8483723
8483741
8484263
8484560
8484713
8484740
8486261
8486360
8486711
8486720
8488223
8488241
8488313
8488340
8488511
8488520
8493344
8493353
8493524
8493551
8493623
8493641
8494244
8494253
8494514
8494550
8494613
8494640
8496224
8496251
8496314
8496350
8496611
8496620
8497223
8497241
8497313
8497340
8497511
8497520
8536661
8536724
8536751
8537363
8537561
8537723
8537741
8538344
8538353
8538524
8538551
8538623
8538641
8556704
8557163
8557703
8558144
8558153
8558504
8558603
8572661
8572724
8572751
8574704
8577161
8577701
8578124
8578151
8578304
8578601
8582363
8582561
8582723
8582741
8584163
8584703
8586161
8586701
8588123
8588141
8588303
8588501
8592344
8592353
8592524
8592551
8592623
8592641
8594144
8594153
8594504
8594603
8596124
8596151
8596304
8596601
8597123
8597141
8597303
8597501
8636660
8636714
8636750
8637263
8637560
8637713
8637740
8638244
8638253
8638514
8638550
8638613
8638640
8646704
8647163
8647703
8648144
8648153
8648504
8648603
8672660
8672714
8672750
8673704
8677160
8677700
8678114
8678150
8678204
8678600
8682263
8682560
8682713
8682740
8683163
8683703
8686160
8686700
8688113
8688140
8688203
8688500
8692244
8692253
8692514
8692550
8692613
8692640
8693144
8693153
8693504
8693603
8696114
8696150
8696204
8696600
8697113
8697140
8697203
8697500
8833661
8833724
8833751
8834660
8834714
8834750
8837261
8837360
8837711
8837720
8838224
8838251
8838314
8838350
8838611
8838620
8842661
8842724
8842751
8844704
8847161
8847701
8848124
8848151
8848304
8848601
8852660
8852714
8852750
8853704
8857160
8857700
8858114
8858150
8858204
8858600
8882261
8882360
8882711
8882720
8883161
8883701
8884160
8884700
8888111
8888120
8888201
8888300
8892224
8892251
8892314
8892350
8892611
8892620
8893124
8893151
8893304
8893601
8894114
8894150
8894204
8894600
8897111
8897120
8897201
8897300
8933363
8933561
8933723
8933741
8934263
8934560
8934713
8934740
8936261
8936360
8936711
8936720
8938223
8938241
8938313
8938340
8938511
8938520
8942363
8942561
8942723
8942741
8944163
8944703
8946161
8946701
8948123
8948141
8948303
8948501
8952263
8952560
8952713
8952740
8953163
8953703
8956160
8956700
8958113
8958140
8958203
8958500
8972261
8972360
8972711
8972720
8973161
8973701
8974160
8974700
8978111
8978120
8978201
8978300
8992223
8992241
8992313
8992340
8992511
8992520
8993123
8993141
8993303
8993501
8994113
8994140
8994203
8994500
8996111
8996120
8996201
8996300
8a33344
8a33353
8a33524
8a33551
8a33623
8a33641
8a34244
8a34253
8a34514
8a34550
8a34613
8a34640
8a36224
8a36251
8a36314
8a36350
8a36611
8a36620
8a37223
8a37241
8a37313
8a37340
8a37511
8a37520
8a42344
8a42353
8a42524
8a42551
8a42623
8a42641
8a44144
8a44153
8a44504
8a44603
8a46124
8a46151
8a46304
8a46601
8a47123
8a47141
8a47303
8a47501
8a52244
8a52253
8a52514
8a52550
8a52613
8a52640
8a53144
8a53153
8a53504
8a53603
8a56114
8a56150
8a56204
8a56600
8a57113
8a57140
8a57203
8a57500
8a72224
8a72251
8a72314
8a72350
8a72611
8a72620
8a73124
8a73151
8a73304
8a73601
8a74114
8a74150
8a74204
8a74600
8a77111
8a77120
8a77201
8a77300
8a82223
8a82241
8a82313
8a82340
8a82511
8a82520
8a83123
8a83141
8a83303
8a83501
8a84113
8a84140
8a84203
8a84500
8a86111
8a86120
8a86201
8a86300
9444662
9444734
9444752
9445661
9445724
9445751
9447362
9447461
9447722
9447731
9448334
9448352
9448424
9448451
9448622
9448631
9453662
9453734
9453752
9455660
9455714
9455750
9457262
9457460
9457712
9457730
9458234
9458252
9458414
9458450
9458612
9458630
9463661
9463724
9463751
9464660
9464714
9464750
9467261
9467360
9467711
9467720
9468224
9468251
9468314
9468350
9468611
9468620
9483362
9483461
9483722
9483731
9484262
9484460
9484712
9484730
9485261
9485360
9485711
9485720
9488222
9488231
9488312
9488330
9488411
9488420
9493334
9493352
9493424
9493451
9493622
9493631
9494234
9494252
9494414
9494450
9494612
9494630
9495224
9495251
9495314
9495350
9495611
9495620
9497222
9497231
9497312
9497330
9497411
9497420
9534662
9534734
9534752
9535661
9535724
9535751
9537362
9537461
9537722
9537731
9538334
9538352
9538424
9538451
9538622
9538631
9552662
9552734
9552752
9555704
9557162
9557702
9558134
9558152
9558404
9558602
9562661
9562724
9562751
9564704
9567161
9567701
9568124
9568151
9568304
9568601
9582362
9582461
9582722
9582731
9584162
9584702
9585161
9585701
9588122
9588131
9588302
9588401
9592334
9592352
9592424
9592451
9592622
9592631
9594134
9594152
9594404
9594602
9595124
9595151
9595304
9595601
9597122
9597131
9597302
9597401
9633662
9633734
9633752
9635660
9635714
9635750
9637262
9637460
9637712
9637730
9638234
9638252
9638414
9638450
9638612
9638630
9642662
9642734
9642752
9645704
9647162
9647702
9648134
9648152
9648404
9648602
9662660
9662714
9662750
9663704
9667160
9667700
9668114
9668150
9668204
9668600
9682262
9682460
9682712
9682730
9683162
9683702
9685160
9685700
9688112
9688130
9688202
9688400
9692234
9692252
9692414
9692450
9692612
9692630
9693134
9693152
9693404
9693602
9695114
9695150
9695204
9695600
9697112
9697130
9697202
9697400
9733661
9733724
9733751
9734660
9734714
9734750
9737261
9737360
9737711
9737720
9738224
9738251
9738314
9738350
9738611
9738620
9742661
9742724
9742751
9744704
9747161
9747701
9748124
9748151
9748304
9748601
9752660
9752714
9752750
9753704
9757160
9757700
9758114
9758150
9758204
9758600
9782261
9782360
9782711
9782720
9783161
9783701
9784160
9784700
9788111
9788120
9788201
9788300
9792224
9792251
9792314
9792350
9792611
9792620
9793124
9793151
9793304
9793601
9794114
9794150
9794204
9794600
9797111
9797120
9797201
9797300
9933362
9933461
9933722
9933731
9934262
9934460
9934712
9934730
9935261
9935360
9935711
9935720
9938222
9938231
9938312
9938330
9938411
9938420
9942362
9942461
9942722
9942731
9944162
9944702
9945161
9945701
9948122
9948131
9948302
9948401
9952262
9952460
9952712
9952730
9953162
9953702
9955160
9955700
9958112
9958130
9958202
9958400
9962261
9962360
9962711
9962720
9963161
9963701
9964160
9964700
9968111
9968120
9968201
9968300
9992222
9992231
9992312
9992330
9992411
9992420
9993122
9993131
9993302
9993401
9994112
9994130
9994202
9994400
9995111
9995120
9995201
9995300
9a33334
9a33352
9a33424
9a33451
9a33622
9a33631
9a34234
9a34252
9a34414
9a34450
9a34612
9a34630
9a35224
9a35251
9a35314
9a35350
9a35611
9a35620
9a37222
9a37231
9a37312
9a37330
9a37411
9a37420
9a42334
9a42352
9a42424
9a42451
9a42622
9a42631
9a44134
9a44152
9a44404
9a44602
9a45124
9a45151
9a45304
9a45601
9a47122
9a47131
9a47302
9a47401
9a52234
9a52252
9a52414
9a52450
9a52612
9a52630
9a53134
9a53152
9a53404
9a53602
9a55114
9a55150
9a55204
9a55600
9a57112
9a57130
9a57202
9a57400
9a62224
9a62251
9a62314
9a62350
9a62611
9a62620
9a63124
9a63151
9a63304
9a63601
9a64114
9a64150
9a64204
9a64600
9a67111
9a67120
9a67201
9a67300
9a82222
9a82231
9a82312
9a82330
9a82411
9a82420
9a83122
9a83131
9a83302
9a83401
9a84112
9a84130
9a84202
9a84400
9a85111
9a85120
9a85201
9a85300
a444463
a444562
a444733
a444742
a445363
a445561
a445723
a445741
a446362
a446461
a446722
a446731
a448333
a448342
a448423
a448441
a448522
a448531
a453463
a453562
a453733
a453742
a455263
a455560
a455713
a455740
a456262
a456460
a456712
a456730
a458233
a458242
a458413
a458440
a458512
a458530
a463363
a463561
a463723
a463741
a464263
a464560
a464713
a464740
a466261
a466360
a466711
a466720
a468223
a468241
a468313
a468340
a468511
a468520
a473362
a473461
a473722
a473731
a474262
a474460
a474712
a474730
a475261
a475360
a475711
a475720
a478222
a478231
a478312
a478330
a478411
a478420
a493333
a493342
a493423
a493441
a493522
a493531
a494233
a494242
a494413
a494440
a494512
a494530
a495223
a495241
a495313
a495340
a495511
a495520
a496222
a496231
a496312
a496330
a496411
a496420
a534463
a534562
a534733
a534742
a535363
a535561
a535723
a535741
a536362
a536461
a536722
a536731
a538333
a538342
a538423
a538441
a538522
a538531
a552463
a552562
a552733
a552742
a555163
a555703
a556162
a556702
a558133
a558142
a558403
a558502
a562363
a562561
a562723
a562741
a564163
a564703
a566161
a566701
a568123
a568141
a568303
a568501
a572362
a572461
a572722
a572731
a574162
a574702
a575161
a575701
a578122
a578131
a578302
a578401
a592333
a592342
a592423
a592441
a592522
a592531
a594133
a594142
a594403
a594502
a595123
a595141
a595303
a595501
a596122
a596131
a596302
a596401
a633463
a633562
a633733
a633742
a635263
a635560
a635713
a635740
a636262
a636460
a636712
a636730
a638233
a638242
a638413
a638440
a638512
a638530
a642463
a642562
a642733
a642742
a645163
a645703
a646162
a646702
a648133
a648142
a648403
a648502
a662263
a662560
a662713
a662740
a663163
a663703
a666160
a666700
a668113
a668140
a668203
a668500
a672262
a672460
a672712
a672730
a673162
a673702
a675160
a675700
a678112
a678130
a678202
a678400
a692233
a692242
a692413
a692440
a692512
a692530
a693133
a693142
a693403
a693502
a695113
a695140
a695203
a695500
a696112
a696130
a696202
a696400
a733363
a733561
a733723
a733741
a734263
a734560
a734713
a734740
a736261
a736360
a736711
a736720
a738223
a738241
a738313
a738340
a738511
a738520
a742363
a742561
a742723
a742741
a744163
a744703
a746161
a746701
a748123
a748141
a748303
a748501
a752263
a752560
a752713
a752740
a753163
a753703
a756160
a756700
a758113
a758140
a758203
a758500
a772261
a772360
a772711
a772720
a773161
a773701
a774160
a774700
a778111
a778120
a778201
a778300
a792223
a792241
a792313
a792340
a792511
a792520
a793123
a793141
a793303
a793501
a794113
a794140
a794203
a794500
a796111
a796120
a796201
a796300
a833362
a833461
a833722
a833731
a834262
a834460
a834712
a834730
a835261
a835360
a835711
a835720
a838222
a838231
a838312
a838330
a838411
a838420
a842362
a842461
a842722
a842731
a844162
a844702
a845161
a845701
a848122
a848131
a848302
a848401
a852262
a852460
a852712
a852730
a853162
a853702
a855160
a855700
a858112
a858130
a858202
a858400
a862261
a862360
a862711
a862720
a863161
a863701
a864160
a864700
a868111
a868120
a868201
a868300
a892222
a892231
a892312
a892330
a892411
a892420
a893122
a893131
a893302
a893401
a894112
a894130
a894202
a894400
a895111
a895120
a895201
a895300
aa33333
aa33342
aa33423
aa33441
aa33522
aa33531
aa34233
aa34242
aa34413
aa34440
aa34512
aa34530
aa35223
aa35241
aa35313
aa35340
aa35511
aa35520
aa36222
aa36231
aa36312
aa36330
aa36411
aa36420
aa42333
aa42342
aa42423
aa42441
aa42522
aa42531
aa44133
aa44142
aa44403
aa44502
aa45123
aa45141
aa45303
aa45501
aa46122
aa46131
aa46302
aa46401
aa52233
aa52242
aa52413
aa52440
aa52512
aa52530
aa53133
aa53142
aa53403
aa53502
aa55113
aa55140
aa55203
aa55500
aa56112
aa56130
aa56202
aa56400
aa62223
aa62241
aa62313
aa62340
aa62511
aa62520
aa63123
aa63141
aa63303
aa63501
aa64113
aa64140
aa64203
aa64500
aa66111
aa66120
aa66201
aa66300
aa72222
aa72231
aa72312
aa72330
aa72411
aa72420
aa73122
aa73131
aa73302
aa73401
aa74112
aa74130
aa74202
aa74400
aa75111
aa75120
aa75201
aa75300
6(73)4
6(672)4
6(834)4
6(852)4
6(6671)4
6(6824)4
6(6851)4
6(7571)4
6(7823)4
6(7841)4
6(9344)4
6(9353)4
6(9524)4
6(9551)4
6(9623)4
6(9641)4
6(66670)4
6(66814)4
6(66850)4
6(67570)4
6(67813)4
6(67840)4
6(69244)4
6(69253)4
6(69514)4
6(69550)4
6(69613)4
6(69640)4
6(75670)4
6(75814)4
6(75850)4
6(77272)4
6(77470)4
6(77812)4
6(77830)4
6(79234)4
6(79252)4
6(79414)4
6(79450)4
6(79612)4
6(79630)4
6(83572)4
6(83833)4
6(83842)4
6(85570)4
6(85813)4
6(85840)4
6(86272)4
6(86470)4
6(86812)4
6(86830)4
6(89233)4
6(89242)4
6(89413)4
6(89440)4
6(89512)4
6(89530)4
6(a3444)4
6(a3453)4
6(a3534)4
6(a3552)4
6(a3633)4
6(a3642)4
6(a5244)4
6(a5253)4
6(a5514)4
6(a5550)4
6(a5613)4
6(a5640)4
6(a6234)4
6(a6252)4
6(a6414)4
6(a6450)4
6(a6612)4
6(a6630)4
6(a7233)4
6(a7242)4
6(a7413)4
6(a7440)4
6(a7512)4
6(a7530)4
6(666804)4
6(667803)4
6(669144)4
6(669153)4
6(669504)4
6(669603)4
6(675804)4
6(677172)4
6(677802)4
6(679134)4
6(679152)4
6(679404)4
6(679602)4
6(682572)4
6(682833)4
6(682842)4
6(685803)4
6(686172)4
6(686802)4
6(689133)4
6(689142)4
6(689403)4
6(689502)4
6(6a2444)4
6(6a2453)4
6(6a2534)4
6(6a2552)4
6(6a2633)4
6(6a2642)4
6(6a5144)4
6(6a5153)4
6(6a5504)4
6(6a5603)4
6(6a6134)4
6(6a6152)4
6(6a6404)4
6(6a6602)4
6(6a7133)4
6(6a7142)4
6(6a7403)4
6(6a7502)4
6(756804)4
6(757803)4
6(759144)4
6(759153)4
6(759504)4
6(759603)4
6(772671)4
6(772824)4
6(772851)4
6(774804)4
6(777171)4
6(777801)4
6(779124)4
6(779151)4
6(779304)4
6(779601)4
6(782571)4
6(782823)4
6(782841)4
6(784803)4
6(786171)4
6(786801)4
6(789123)4
6(789141)4
6(789303)4
6(789501)4
6(7a2344)4
6(7a2353)4
6(7a2524)4
6(7a2551)4
6(7a2623)4
6(7a2641)4
6(7a4144)4
6(7a4153)4
6(7a4504)4
6(7a4603)4
6(7a6124)4
6(7a6151)4
6(7a6304)4
6(7a6601)4
6(7a7123)4
6(7a7141)4
6(7a7303)4
6(7a7501)4
6(835671)4
6(835824)4
6(835851)4
6(837372)4
6(837471)4
6(837822)4
6(837831)4
6(839334)4
6(839352)4
6(839424)4
6(839451)4
6(839622)4
6(839631)4
6(855804)4
6(857172)4
6(857802)4
6(859134)4
6(859152)4
6(859404)4
6(859602)4
6(862671)4
6(862824)4
6(862851)4
6(864804)4
6(867171)4
6(867801)4
6(869124)4
6(869151)4
6(869304)4
6(869601)4
6(882372)4
6(882471)4
6(882822)4
6(882831)4
6(884172)4
6(884802)4
6(885171)4
6(885801)4
6(889122)4
6(889131)4
6(889302)4
6(889401)4
6(8a2334)4
6(8a2352)4
6(8a2424)4
6(8a2451)4
6(8a2622)4
6(8a2631)4
6(8a4134)4
6(8a4152)4
6(8a4404)4
6(8a4602)4
6(8a5124)4
6(8a5151)4
6(8a5304)4
6(8a5601)4
6(8a7122)4
6(8a7131)4
6(8a7302)4
6(8a7401)4
6(934572)4
6(934833)4
6(934842)4
6(935571)4
6(935823)4
6(935841)4
6(936372)4
6(936471)4
6(936822)4
6(936831)4
6(939333)4
6(939342)4
6(939423)4
6(939441)4
6(939522)4
6(939531)4
6(952572)4
6(952833)4
6(952842)4
6(955803)4
6(956172)4
6(956802)4
6(959133)4
6(959142)4
6(959403)4
6(959502)4
6(962571)4
6(962823)4
6(962841)4
6(964803)4
6(966171)4
6(966801)4
6(969123)4
6(969141)4
6(969303)4
6(969501)4
6(972372)4
6(972471)4
6(972822)4
6(972831)4
6(974172)4
6(974802)4
6(975171)4
6(975801)4
6(979122)4
6(979131)4
6(979302)4
6(979401)4
6(9a2333)4
6(9a2342)4
6(9a2423)4
6(9a2441)4
6(9a2522)4
6(9a2531)4
6(9a4133)4
6(9a4142)4
6(9a4403)4
6(9a4502)4
6(9a5123)4
6(9a5141)4
6(9a5303)4
6(9a5501)4
6(9a6122)4
6(9a6131)4
6(9a6302)4
6(9a6401)4
6(6669044)4
6(6669053)4
6(6677072)4
6(6679034)4
6(6679052)4
6(6681572)4
6(6681833)4
6(6681842)4
6(6686072)4
6(6689033)4
6(6689042)4
6(66a1444)4
6(66a1453)4
6(66a1534)4
6(66a1552)4
6(66a1633)4
6(66a1642)4
6(66a5044)4
6(66a5053)4
6(66a6034)4
6(66a6052)4
6(66a7033)4
6(66a7042)4
6(6759044)4
6(6759053)4
6(6771671)4
6(6771824)4
6(6771851)4
6(6777071)4
6(6779024)4
6(6779051)4
6(6781571)4
6(6781823)4
6(6781841)4
6(6786071)4
6(6789023)4
6(6789041)4
6(67a1344)4
6(67a1353)4
6(67a1524)4
6(67a1551)4
6(67a1623)4
6(67a1641)4
6(67a4044)4
6(67a4053)4
6(67a6024)4
6(67a6051)4
6(67a7023)4
6(67a7041)4
6(6825671)4
6(6825824)4
6(6825851)4
6(6827372)4
6(6827471)4
6(6827822)4
6(6827831)4
6(6829334)4
6(6829352)4
6(6829424)4
6(6829451)4
6(6829622)4
6(6829631)4
6(6857072)4
6(6859034)4
6(6859052)4
6(6861671)4
6(6861824)4
6(6861851)4
6(6867071)4
6(6869024)4
6(6869051)4
6(6881372)4
6(6881471)4
6(6881822)4
6(6881831)4
6(6884072)4
6(6885071)4
6(6889022)4
6(6889031)4
6(68a1334)4
6(68a1352)4
6(68a1424)4
6(68a1451)4
6(68a1622)4
6(68a1631)4
6(68a4034)4
6(68a4052)4
6(68a5024)4
6(68a5051)4
6(68a7022)4
6(68a7031)4
6(6924572)4
6(6924833)4
6(6924842)4
6(6925571)4
6(6925823)4
6(6925841)4
6(6926372)4
6(6926471)4
6(6926822)4
6(6926831)4
6(6929333)4
6(6929342)4
6(6929423)4
6(6929441)4
6(6929522)4
6(6929531)4
6(6951572)4
6(6951833)4
6(6951842)4
6(6956072)4
6(6959033)4
6(6959042)4
6(6961571)4
6(6961823)4
6(6961841)4
6(6966071)4
6(6969023)4
6(6969041)4
6(6971372)4
6(6971471)4
6(6971822)4
6(6971831)4
6(6974072)4
6(6975071)4
6(6979022)4
6(6979031)4
6(69a1333)4
6(69a1342)4
6(69a1423)4
6(69a1441)4
6(69a1522)4
6(69a1531)4
6(69a4033)4
6(69a4042)4
6(69a5023)4
6(69a5041)4
6(69a6022)4
6(69a6031)4
6(7569044)4
6(7569053)4
6(7577072)4
6(7579034)4
6(7579052)4
6(7581572)4
6(7581833)4
6(7581842)4
6(7586072)4
6(7589033)4
6(7589042)4
6(75a1444)4
6(75a1453)4
6(75a1534)4
6(75a1552)4
6(75a1633)4
6(75a1642)4
6(75a5044)4
6(75a5053)4
6(75a6034)4
6(75a6052)4
6(75a7033)4
6(75a7042)4
6(7726670)4
6(7726814)4
6(7726850)4
6(7727570)4
6(7727813)4
6(7727840)4
6(7729244)4
6(7729253)4
6(7729514)4
6(7729550)4
6(7729613)4
6(7729640)4
6(7749044)4
6(7749053)4
6(7771670)4
6(7771814)4
6(7771850)4
6(7777070)4
6(7779014)4
6(7779050)4
6(7781570)4
6(7781813)4
6(7781840)4
6(7786070)4
6(7789013)4
6(7789040)4
6(77a1244)4
6(77a1253)4
6(77a1514)4
6(77a1550)4
6(77a1613)4
6(77a1640)4
6(77a3044)4
6(77a3053)4
6(77a6014)4
6(77a6050)4
6(77a7013)4
6(77a7040)4
6(7825670)4
6(7825814)4
6(7825850)4
6(7827272)4
6(7827470)4
6(7827812)4
6(7827830)4
6(7829234)4
6(7829252)4
6(7829414)4
6(7829450)4
6(7829612)4
6(7829630)4
6(7847072)4
6(7849034)4
6(7849052)4
6(7861670)4
6(7861814)4
6(7861850)4
6(7867070)4
6(7869014)4
6(7869050)4
6(7881272)4
6(7881470)4
6(7881812)4
6(7881830)4
6(7883072)4
6(7885070)4
6(7889012)4
6(7889030)4
6(78a1234)4
6(78a1252)4
6(78a1414)4
6(78a1450)4
6(78a1612)4
6(78a1630)4
6(78a3034)4
6(78a3052)4
6(78a5014)4
6(78a5050)4
6(78a7012)4
6(78a7030)4
6(7923572)4
6(7923833)4
6(7923842)4
6(7925570)4
6(7925813)4
6(7925840)4
6(7926272)4
6(7926470)4
6(7926812)4
6(7926830)4
6(7929233)4
6(7929242)4
6(7929413)4
6(7929440)4
6(7929512)4
6(7929530)4
6(7941572)4
6(7941833)4
6(7941842)4
6(7946072)4
6(7949033)4
6(7949042)4
6(7961570)4
6(7961813)4
6(7961840)4
6(7966070)4
6(7969013)4
6(7969040)4
6(7971272)4
6(7971470)4
6(7971812)4
6(7971830)4
6(7973072)4
6(7975070)4
6(7979012)4
6(7979030)4
6(79a1233)4
6(79a1242)4
6(79a1413)4
6(79a1440)4
6(79a1512)4
6(79a1530)4
6(79a3033)4
6(79a3042)4
6(79a5013)4
6(79a5040)4
6(79a6012)4
6(79a6030)4
6(8356670)4
6(8356814)4
6(8356850)4
6(8357570)4
6(8357813)4
6(8357840)4
6(8359244)4
6(8359253)4
6(8359514)4
6(8359550)4
6(8359613)4
6(8359640)4
6(8373671)4
6(8373824)4
6(8373851)4
6(8374670)4
6(8374814)4
6(8374850)4
6(8377271)4
6(8377370)4
6(8377811)4
6(8377820)4
6(8379224)4
6(8379251)4
6(8379314)4
6(8379350)4
6(8379611)4
6(8379620)4
6(8383571)4
6(8383823)4
6(8383841)4
6(8384570)4
6(8384813)4
6(8384840)4
6(8386271)4
6(8386370)4
6(8386811)4
6(8386820)4
6(8389223)4
6(8389241)4
6(8389313)4
6(8389340)4
6(8389511)4
6(8389520)4
6(83a3344)4
6(83a3353)4
6(83a3524)4
6(83a3551)4
6(83a3623)4
6(83a3641)4
6(83a4244)4
6(83a4253)4
6(83a4514)4
6(83a4550)4
6(83a4613)4
6(83a4640)4
6(83a6224)4
6(83a6251)4
6(83a6314)4
6(83a6350)4
6(83a6611)4
6(83a6620)4
6(83a7223)4
6(83a7241)4
6(83a7313)4
6(83a7340)4
6(83a7511)4
6(83a7520)4
6(8559044)4
6(8559053)4
6(8571671)4
6(8571824)4
6(8571851)4
6(8577071)4
6(8579024)4
6(8579051)4
6(8581571)4
6(8581823)4
6(8581841)4
6(8586071)4
6(8589023)4
6(8589041)4
6(85a1344)4
6(85a1353)4
6(85a1524)4
6(85a1551)4
6(85a1623)4
6(85a1641)4
6(85a4044)4
6(85a4053)4
6(85a6024)4
6(85a6051)4
6(85a7023)4
6(85a7041)4
6(8626670)4
6(8626814)4
6(8626850)4
6(8627570)4
6(8627813)4
6(8627840)4
6(8629244)4
6(8629253)4
6(8629514)4
6(8629550)4
6(8629613)4
6(8629640)4
6(8649044)4
6(8649053)4
6(8671670)4
6(8671814)4
6(8671850)4
6(8677070)4
6(8679014)4
6(8679050)4
6(8681570)4
6(8681813)4
6(8681840)4
6(8686070)4
6(8689013)4
6(8689040)4
6(86a1244)4
6(86a1253)4
6(86a1514)4
6(86a1550)4
6(86a1613)4
6(86a1640)4
6(86a3044)4
6(86a3053)4
6(86a6014)4
6(86a6050)4
6(86a7013)4
6(86a7040)4
6(8823671)4
6(8823824)4
6(8823851)4
6(8824670)4
6(8824814)4
6(8824850)4
6(8827271)4
6(8827370)4
6(8827811)4
6(8827820)4
6(8829224)4
6(8829251)4
6(8829314)4
6(8829350)4
6(8829611)4
6(8829620)4
6(8841671)4
6(8841824)4
6(8841851)4
6(8847071)4
6(8849024)4
6(8849051)4
6(8851670)4
6(8851814)4
6(8851850)4
6(8857070)4
6(8859014)4
6(8859050)4
6(8881271)4
6(8881370)4
6(8881811)4
6(8881820)4
6(8883071)4
6(8884070)4
6(8889011)4
6(8889020)4
6(88a1224)4
6(88a1251)4
6(88a1314)4
6(88a1350)4
6(88a1611)4
6(88a1620)4
6(88a3024)4
6(88a3051)4
6(88a4014)4
6(88a4050)4
6(88a7011)4
6(88a7020)4
6(8923571)4
6(8923823)4
6(8923841)4
6(8924570)4
6(8924813)4
6(8924840)4
6(8926271)4
6(8926370)4
6(8926811)4
6(8926820)4
6(8929223)4
6(8929241)4
6(8929313)4
6(8929340)4
6(8929511)4
6(8929520)4
6(8941571)4
6(8941823)4
6(8941841)4
6(8946071)4
6(8949023)4
6(8949041)4
6(8951570)4
6(8951813)4
6(8951840)4
6(8956070)4
6(8959013)4
6(8959040)4
6(8971271)4
6(8971370)4
6(8971811)4
6(8971820)4
6(8973071)4
6(8974070)4
6(8979011)4
6(8979020)4
6(89a1223)4
6(89a1241)4
6(89a1313)4
6(89a1340)4
6(89a1511)4
6(89a1520)4
6(89a3023)4
6(89a3041)4
6(89a4013)4
6(89a4040)4
6(89a6011)4
6(89a6020)4
6(9345671)4
6(9345824)4
6(9345851)4
6(9347372)4
6(9347471)4
6(9347822)4
6(9347831)4
6(9349334)4
6(9349352)4
6(9349424)4
6(9349451)4
6(9349622)4
6(9349631)4
6(9355670)4
6(9355814)4
6(9355850)4
6(9357272)4
6(9357470)4
6(9357812)4
6(9357830)4
6(9359234)4
6(9359252)4
6(9359414)4
6(9359450)4
6(9359612)4
6(9359630)4
6(9363671)4
6(9363824)4
6(9363851)4
6(9364670)4
6(9364814)4
6(9364850)4
6(9367271)4
6(9367370)4
6(9367811)4
6(9367820)4
6(9369224)4
6(9369251)4
6(9369314)4
6(9369350)4
6(9369611)4
6(9369620)4
6(9383372)4
6(9383471)4
6(9383822)4
6(9383831)4
6(9384272)4
6(9384470)4
6(9384812)4
6(9384830)4
6(9385271)4
6(9385370)4
6(9385811)4
6(9385820)4
6(9389222)4
6(9389231)4
6(9389312)4
6(9389330)4
6(9389411)4
6(9389420)4
6(93a3334)4
6(93a3352)4
6(93a3424)4
6(93a3451)4
6(93a3622)4
6(93a3631)4
6(93a4234)4
6(93a4252)4
6(93a4414)4
6(93a4450)4
6(93a4612)4
6(93a4630)4
6(93a5224)4
6(93a5251)4
6(93a5314)4
6(93a5350)4
6(93a5611)4
6(93a5620)4
6(93a7222)4
6(93a7231)4
6(93a7312)4
6(93a7330)4
6(93a7411)4
6(93a7420)4
6(9525671)4
6(9525824)4
6(9525851)4
6(9527372)4
6(9527471)4
6(9527822)4
6(9527831)4
6(9529334)4
6(9529352)4
6(9529424)4
6(9529451)4
6(9529622)4
6(9529631)4
6(9557072)4
6(9559034)4
6(9559052)4
6(9561671)4
6(9561824)4
6(9561851)4
6(9567071)4
6(9569024)4
6(9569051)4
6(9581372)4
6(9581471)4
6(9581822)4
6(9581831)4
6(9584072)4
6(9585071)4
6(9589022)4
6(9589031)4
6(95a1334)4
6(95a1352)4
6(95a1424)4
6(95a1451)4
6(95a1622)4
6(95a1631)4
6(95a4034)4
6(95a4052)4
6(95a5024)4
6(95a5051)4
6(95a7022)4
6(95a7031)4
6(9625670)4
6(9625814)4
6(9625850)4
6(9627272)4
6(9627470)4
6(9627812)4
6(9627830)4
6(9629234)4
6(9629252)4
6(9629414)4
6(9629450)4
6(9629612)4
6(9629630)4
6(9647072)4
6(9649034)4
6(9649052)4
6(9661670)4
6(9661814)4
6(9661850)4
6(9667070)4
6(9669014)4
6(9669050)4
6(9681272)4
6(9681470)4
6(9681812)4
6(9681830)4
6(9683072)4
6(9685070)4
6(9689012)4
6(9689030)4
6(96a1234)4
6(96a1252)4
6(96a1414)4
6(96a1450)4
6(96a1612)4
6(96a1630)4
6(96a3034)4
6(96a3052)4
6(96a5014)4
6(96a5050)4
6(96a7012)4
6(96a7030)4
6(9723671)4
6(9723824)4
6(9723851)4
6(9724670)4
6(9724814)4
6(9724850)4
6(9727271)4
6(9727370)4
6(9727811)4
6(9727820)4
6(9729224)4
6(9729251)4
6(9729314)4
6(9729350)4
6(9729611)4
6(9729620)4
6(9741671)4
6(9741824)4
6(9741851)4
6(9747071)4
6(9749024)4
6(9749051)4
6(9751670)4
6(9751814)4
6(9751850)4
6(9757070)4
6(9759014)4
6(9759050)4
6(9781271)4
6(9781370)4
6(9781811)4
6(9781820)4
6(9783071)4
6(9784070)4
6(9789011)4
6(9789020)4
6(97a1224)4
6(97a1251)4
6(97a1314)4
6(97a1350)4
6(97a1611)4
6(97a1620)4
6(97a3024)4
6(97a3051)4
6(97a4014)4
6(97a4050)4
6(97a7011)4
6(97a7020)4
6(9923372)4
6(9923471)4
6(9923822)4
6(9923831)4
6(9924272)4
6(9924470)4
6(9924812)4
6(9924830)4
6(9925271)4
6(9925370)4
6(9925811)4
6(9925820)4
6(9929222)4
6(9929231)4
6(9929312)4
6(9929330)4
6(9929411)4
6(9929420)4
6(9941372)4
6(9941471)4
6(9941822)4
6(9941831)4
6(9944072)4
6(9945071)4
6(9949022)4
6(9949031)4
6(9951272)4
6(9951470)4
6(9951812)4
6(9951830)4
6(9953072)4
6(9955070)4
6(9959012)4
6(9959030)4
6(9961271)4
6(9961370)4
6(9961811)4
6(9961820)4
6(9963071)4
6(9964070)4
6(9969011)4
6(9969020)4
6(99a1222)4
6(99a1231)4
6(99a1312)4
6(99a1330)4
6(99a1411)4
6(99a1420)4
6(99a3022)4
6(99a3031)4
6(99a4012)4
6(99a4030)4
6(99a5011)4
6(99a5020)4
6(a344572)4
6(a344833)4
6(a344842)4
6(a345571)4
6(a345823)4
6(a345841)4
6(a346372)4
6(a346471)4
6(a346822)4
6(a346831)4
6(a349333)4
6(a349342)4
6(a349423)4
6(a349441)4
6(a349522)4
6(a349531)4
6(a353572)4
6(a353833)4
6(a353842)4
6(a355570)4
6(a355813)4
6(a355840)4
6(a356272)4
6(a356470)4
6(a356812)4
6(a356830)4
6(a359233)4
6(a359242)4
6(a359413)4
6(a359440)4
6(a359512)4
6(a359530)4
6(a363571)4
6(a363823)4
6(a363841)4
6(a364570)4
6(a364813)4
6(a364840)4
6(a366271)4
6(a366370)4
6(a366811)4
6(a366820)4
6(a369223)4
6(a369241)4
6(a369313)4
6(a369340)4
6(a369511)4
6(a369520)4
6(a373372)4
6(a373471)4
6(a373822)4
6(a373831)4
6(a374272)4
6(a374470)4
6(a374812)4
6(a374830)4
6(a375271)4
6(a375370)4
6(a375811)4
6(a375820)4
6(a379222)4
6(a379231)4
6(a379312)4
6(a379330)4
6(a379411)4
6(a379420)4
6(a3a3333)4
6(a3a3342)4
6(a3a3423)4
6(a3a3441)4
6(a3a3522)4
6(a3a3531)4
6(a3a4233)4
6(a3a4242)4
6(a3a4413)4
6(a3a4440)4
6(a3a4512)4
6(a3a4530)4
6(a3a5223)4
6(a3a5241)4
6(a3a5313)4
6(a3a5340)4
6(a3a5511)4
6(a3a5520)4
6(a3a6222)4
6(a3a6231)4
6(a3a6312)4
6(a3a6330)4
6(a3a6411)4
6(a3a6420)4
6(a524572)4
6(a524833)4
6(a524842)4
6(a525571)4
6(a525823)4
6(a525841)4
6(a526372)4
6(a526471)4
6(a526822)4
6(a526831)4
6(a529333)4
6(a529342)4
6(a529423)4
6(a529441)4
6(a529522)4
6(a529531)4
6(a551572)4
6(a551833)4
6(a551842)4
6(a556072)4
6(a559033)4
6(a559042)4
6(a561571)4
6(a561823)4
6(a561841)4
6(a566071)4
6(a569023)4
6(a569041)4
6(a571372)4
6(a571471)4
6(a571822)4
6(a571831)4
6(a574072)4
6(a575071)4
6(a579022)4
6(a579031)4
6(a5a1333)4
6(a5a1342)4
6(a5a1423)4
6(a5a1441)4
6(a5a1522)4
6(a5a1531)4
6(a5a4033)4
6(a5a4042)4
6(a5a5023)4
6(a5a5041)4
6(a5a6022)4
6(a5a6031)4
6(a623572)4
6(a623833)4
6(a623842)4
6(a625570)4
6(a625813)4
6(a625840)4
6(a626272)4
6(a626470)4
6(a626812)4
6(a626830)4
6(a629233)4
6(a629242)4
6(a629413)4
6(a629440)4
6(a629512)4
6(a629530)4
6(a641572)4
6(a641833)4
6(a641842)4
6(a646072)4
6(a649033)4
6(a649042)4
6(a661570)4
6(a661813)4
6(a661840)4
6(a666070)4
6(a669013)4
6(a669040)4
6(a671272)4
6(a671470)4
6(a671812)4
6(a671830)4
6(a673072)4
6(a675070)4
6(a679012)4
6(a679030)4
6(a6a1233)4
6(a6a1242)4
6(a6a1413)4
6(a6a1440)4
6(a6a1512)4
6(a6a1530)4
6(a6a3033)4
6(a6a3042)4
6(a6a5013)4
6(a6a5040)4
6(a6a6012)4
6(a6a6030)4
6(a723571)4
6(a723823)4
6(a723841)4
6(a724570)4
6(a724813)4
6(a724840)4
6(a726271)4
6(a726370)4
6(a726811)4
6(a726820)4
6(a729223)4
6(a729241)4
6(a729313)4
6(a729340)4
6(a729511)4
6(a729520)4
6(a741571)4
6(a741823)4
6(a741841)4
6(a746071)4
6(a749023)4
6(a749041)4
6(a751570)4
6(a751813)4
6(a751840)4
6(a756070)4
6(a759013)4
6(a759040)4
6(a771271)4
6(a771370)4
6(a771811)4
6(a771820)4
6(a773071)4
6(a774070)4
6(a779011)4
6(a779020)4
6(a7a1223)4
6(a7a1241)4
6(a7a1313)4
6(a7a1340)4
6(a7a1511)4
6(a7a1520)4
6(a7a3023)4
6(a7a3041)4
6(a7a4013)4
6(a7a4040)4
6(a7a6011)4
6(a7a6020)4
6(a823372)4
6(a823471)4
6(a823822)4
6(a823831)4
6(a824272)4
6(a824470)4
6(a824812)4
6(a824830)4
6(a825271)4
6(a825370)4
6(a825811)4
6(a825820)4
6(a829222)4
6(a829231)4
6(a829312)4
6(a829330)4
6(a829411)4
6(a829420)4
6(a841372)4
6(a841471)4
6(a841822)4
6(a841831)4
6(a844072)4
6(a845071)4
6(a849022)4
6(a849031)4
6(a851272)4
6(a851470)4
6(a851812)4
6(a851830)4
6(a853072)4
6(a855070)4
6(a859012)4
6(a859030)4
6(a861271)4
6(a861370)4
6(a861811)4
6(a861820)4
6(a863071)4
6(a864070)4
6(a869011)4
6(a869020)4
6(a8a1222)4
6(a8a1231)4
6(a8a1312)4
6(a8a1330)4
6(a8a1411)4
6(a8a1420)4
6(a8a3022)4
6(a8a3031)4
6(a8a4012)4
6(a8a4030)4
6(a8a5011)4
6(a8a5020)4
66(771)3
66(825)3
66(861)3
66(6770)3
66(6815)3
66(6860)3
66(8273)3
66(8570)3
66(8813)3
66(8840)3
66(9245)3
66(9263)3
66(9515)3
66(9560)3
66(9713)3
66(9740)3
66(66805)3
66(68173)3
66(68803)3
66(69145)3
66(69163)3
66(69505)3
66(69703)3
66(72736)3
66(75805)3
66(78172)3
66(78802)3
66(79135)3
66(79162)3
66(79405)3
66(79702)3
66(92473)3
66(92572)3
66(92833)3
66(92842)3
66(95173)3
66(95803)3
66(96172)3
66(96802)3
66(99133)3
66(99142)3
66(99403)3
66(99502)3
66(a2445)3
66(a2463)3
66(a2535)3
66(a2562)3
66(a2733)3
66(a2742)3
66(a5145)3
66(a5163)3
66(a5505)3
66(a5703)3
66(a6135)3
66(a6162)3
66(a6405)3
66(a6702)3
66(a8133)3
66(a8142)3
66(a8403)3
66(a8502)3
66(668073)3
66(669045)3
66(669063)3
66(671736)3
66(678072)3
66(679035)3
66(679062)3
66(691473)3
66(691572)3
66(691833)3
66(691842)3
66(695073)3
66(696072)3
66(699033)3
66(699042)3
66(6a1445)3
66(6a1463)3
66(6a1535)3
66(6a1562)3
66(6a1733)3
66(6a1742)3
66(6a5045)3
66(6a5063)3
66(6a6035)3
66(6a6062)3
66(6a8033)3
66(6a8042)3
66(726726)3
66(728346)3
66(728526)3
66(758073)3
66(759045)3
66(759063)3
66(778071)3
66(779025)3
66(779061)3
66(791373)3
66(791571)3
66(791823)3
66(791841)3
66(794073)3
66(796071)3
66(799023)3
66(799041)3
66(7a1345)3
66(7a1363)3
66(7a1525)3
66(7a1561)3
66(7a1723)3
66(7a1741)3
66(7a4045)3
66(7a4063)3
66(7a6025)3
66(7a6061)3
66(7a8023)3
66(7a8041)3
66(824736)3
66(828372)3
66(828471)3
66(828822)3
66(828831)3
66(829335)3
66(829362)3
66(829425)3
66(829461)3
66(829722)3
66(829731)3
66(851736)3
66(858072)3
66(859035)3
66(859062)3
66(868071)3
66(869025)3
66(869061)3
66(891372)3
66(891471)3
66(891822)3
66(891831)3
66(894072)3
66(895071)3
66(899022)3
66(899031)3
66(8a1335)3
66(8a1362)3
66(8a1425)3
66(8a1461)3
66(8a1722)3
66(8a1731)3
66(8a4035)3
66(8a4062)3
66(8a5025)3
66(8a5061)3
66(8a8022)3
66(8a8031)3
66(a24473)3
66(a24572)3
66(a24833)3
66(a24842)3
66(a25373)3
66(a25571)3
66(a25823)3
66(a25841)3
66(a26372)3
66(a26471)3
66(a26822)3
66(a26831)3
66(a29333)3
66(a29342)3
66(a29423)3
66(a29441)3
66(a29522)3
66(a29531)3
66(a51473)3
66(a51572)3
66(a51833)3
66(a51842)3
66(a55073)3
66(a56072)3
66(a59033)3
66(a59042)3
66(a61373)3
66(a61571)3
66(a61823)3
66(a61841)3
66(a64073)3
66(a66071)3
66(a69023)3
66(a69041)3
66(a71372)3
66(a71471)3
66(a71822)3
66(a71831)3
66(a74072)3
66(a75071)3
66(a79022)3
66(a79031)3
66(aa1333)3
66(aa1342)3
66(aa1423)3
66(aa1441)3
66(aa1522)3
66(aa1531)3
66(aa4033)3
66(aa4042)3
66(aa5023)3
66(aa5041)3
66(aa6022)3
66(aa6031)3
66(6670736)3
66(6690473)3
66(6690572)3
66(6690833)3
66(6690842)3
66(66a0445)3
66(66a0463)3
66(66a0535)3
66(66a0562)3
66(66a0733)3
66(66a0742)3
66(6716726)3
66(6718346)3
66(6718526)3
66(6790373)3
66(6790571)3
66(6790823)3
66(6790841)3
66(67a0345)3
66(67a0363)3
66(67a0525)3
66(67a0561)3
66(67a0723)3
66(67a0741)3
66(6814736)3
66(6818372)3
66(6818471)3
66(6818822)3
66(6818831)3
66(6819335)3
66(6819362)3
66(6819425)3
66(6819461)3
66(6819722)3
66(6819731)3
66(6850736)3
66(6890372)3
66(6890471)3
66(6890822)3
66(6890831)3
66(68a0335)3
66(68a0362)3
66(68a0425)3
66(68a0461)3
66(68a0722)3
66(68a0731)3
66(6a14473)3
66(6a14572)3
66(6a14833)3
66(6a14842)3
66(6a15373)3
66(6a15571)3
66(6a15823)3
66(6a15841)3
66(6a16372)3
66(6a16471)3
66(6a16822)3
66(6a16831)3
66(6a19333)3
66(6a19342)3
66(6a19423)3
66(6a19441)3
66(6a19522)3
66(6a19531)3
66(6a50473)3
66(6a50572)3
66(6a50833)3
66(6a50842)3
66(6a60373)3
66(6a60571)3
66(6a60823)3
66(6a60841)3
66(6a70372)3
66(6a70471)3
66(6a70822)3
66(6a70831)3
66(6aa0333)3
66(6aa0342)3
66(6aa0423)3
66(6aa0441)3
66(6aa0522)3
66(6aa0531)3
66(7268246)3
66(7268516)3
66(7273736)3
66(7273772)3
66(7273835)3
66(7273862)3
66(7275716)3
66(7278236)3
66(7278416)3
66(7293446)3
66(7293536)3
66(7295246)3
66(7295516)3
66(7296236)3
66(7296416)3
66(7570736)3
66(7590473)3
66(7590572)3
66(7590833)3
66(7590842)3
66(75a0445)3
66(75a0463)3
66(75a0535)3
66(75a0562)3
66(75a0733)3
66(75a0742)3
66(7770770)3
66(7770815)3
66(7770860)3
66(7790273)3
66(7790570)3
66(7790813)3
66(7790840)3
66(77a0245)3
66(77a0263)3
66(77a0515)3
66(77a0560)3
66(77a0713)3
66(77a0740)3
66(7813736)3
66(7815770)3
66(7815815)3
66(7815860)3
66(7818272)3
66(7818470)3
66(7818812)3
66(7818830)3
66(7819235)3
66(7819262)3
66(7819415)3
66(7819460)3
66(7819712)3
66(7819730)3
66(7840736)3
66(7860770)3
66(7860815)3
66(7860860)3
66(7890272)3
66(7890470)3
66(7890812)3
66(7890830)3
66(78a0235)3
66(78a0262)3
66(78a0415)3
66(78a0460)3
66(78a0712)3
66(78a0730)3
66(7a13473)3
66(7a13572)3
66(7a13833)3
66(7a13842)3
66(7a15273)3
66(7a15570)3
66(7a15813)3
66(7a15840)3
66(7a16272)3
66(7a16470)3
66(7a16812)3
66(7a16830)3
66(7a19233)3
66(7a19242)3
66(7a19413)3
66(7a19440)3
66(7a19512)3
66(7a19530)3
66(7a40473)3
66(7a40572)3
66(7a40833)3
66(7a40842)3
66(7a60273)3
66(7a60570)3
66(7a60813)3
66(7a60840)3
66(7a70272)3
66(7a70470)3
66(7a70812)3
66(7a70830)3
66(7aa0233)3
66(7aa0242)3
66(7aa0413)3
66(7aa0440)3
66(7aa0512)3
66(7aa0530)3
66(8248346)3
66(8248526)3
66(8274770)3
66(8274815)3
66(8274860)3
66(8278271)3
66(8278370)3
66(8278811)3
66(8278820)3
66(8279225)3
66(8279261)3
66(8279315)3
66(8279360)3
66(8279711)3
66(8279720)3
66(8293373)3
66(8293571)3
66(8293823)3
66(8293841)3
66(8294273)3
66(8294570)3
66(8294813)3
66(8294840)3
66(8296271)3
66(8296370)3
66(8296811)3
66(8296820)3
66(8299223)3
66(8299241)3
66(8299313)3
66(8299340)3
66(8299511)3
66(8299520)3
66(82a3345)3
66(82a3363)3
66(82a3525)3
66(82a3561)3
66(82a3723)3
66(82a3741)3
66(82a4245)3
66(82a4263)3
66(82a4515)3
66(82a4560)3
66(82a4713)3
66(82a4740)3
66(82a6225)3
66(82a6261)3
66(82a6315)3
66(82a6360)3
66(82a6711)3
66(82a6720)3
66(82a8223)3
66(82a8241)3
66(82a8313)3
66(82a8340)3
66(82a8511)3
66(82a8520)3
66(8518346)3
66(8518526)3
66(8590373)3
66(8590571)3
66(8590823)3
66(8590841)3
66(85a0345)3
66(85a0363)3
66(85a0525)3
66(85a0561)3
66(85a0723)3
66(85a0741)3
66(8670770)3
66(8670815)3
66(8670860)3
66(8690273)3
66(8690570)3
66(8690813)3
66(8690840)3
66(86a0245)3
66(86a0263)3
66(86a0515)3
66(86a0560)3
66(86a0713)3
66(86a0740)3
66(8814770)3
66(8814815)3
66(8814860)3
66(8818271)3
66(8818370)3
66(8818811)3
66(8818820)3
66(8819225)3
66(8819261)3
66(8819315)3
66(8819360)3
66(8819711)3
66(8819720)3
66(8850770)3
66(8850815)3
66(8850860)3
66(8890271)3
66(8890370)3
66(8890811)3
66(8890820)3
66(88a0225)3
66(88a0261)3
66(88a0315)3
66(88a0360)3
66(88a0711)3
66(88a0720)3
66(8a13373)3
66(8a13571)3
66(8a13823)3
66(8a13841)3
66(8a14273)3
66(8a14570)3
66(8a14813)3
66(8a14840)3
66(8a16271)3
66(8a16370)3
66(8a16811)3
66(8a16820)3
66(8a19223)3
66(8a19241)3
66(8a19313)3
66(8a19340)3
66(8a19511)3
66(8a19520)3
66(8a40373)3
66(8a40571)3
66(8a40823)3
66(8a40841)3
66(8a50273)3
66(8a50570)3
66(8a50813)3
66(8a50840)3
66(8a70271)3
66(8a70370)3
66(8a70811)3
66(8a70820)3
66(8aa0223)3
66(8aa0241)3
66(8aa0313)3
66(8aa0340)3
66(8aa0511)3
66(8aa0520)3
66(9244736)3
66(9248372)3
66(9248471)3
66(9248822)3
66(9248831)3
66(9249335)3
66(9249362)3
66(9249425)3
66(9249461)3
66(9249722)3
66(9249731)3
66(9253736)3
66(9255770)3
66(9255815)3
66(9255860)3
66(9258272)3
66(9258470)3
66(9258812)3
66(9258830)3
66(9259235)3
66(9259262)3
66(9259415)3
66(9259460)3
66(9259712)3
66(9259730)3
66(9264770)3
66(9264815)3
66(9264860)3
66(9268271)3
66(9268370)3
66(9268811)3
66(9268820)3
66(9269225)3
66(9269261)3
66(9269315)3
66(9269360)3
66(9269711)3
66(9269720)3
66(9293372)3
66(9293471)3
66(9293822)3
66(9293831)3
66(9294272)3
66(9294470)3
66(9294812)3
66(9294830)3
66(9295271)3
66(9295370)3
66(9295811)3
66(9295820)3
66(9299222)3
66(9299231)3
66(9299312)3
66(9299330)3
66(9299411)3
66(9299420)3
66(92a3335)3
66(92a3362)3
66(92a3425)3
66(92a3461)3
66(92a3722)3
66(92a3731)3
66(92a4235)3
66(92a4262)3
66(92a4415)3
66(92a4460)3
66(92a4712)3
66(92a4730)3
66(92a5225)3
66(92a5261)3
66(92a5315)3
66(92a5360)3
66(92a5711)3
66(92a5720)3
66(92a8222)3
66(92a8231)3
66(92a8312)3
66(92a8330)3
66(92a8411)3
66(92a8420)3
66(9514736)3
66(9518372)3
66(9518471)3
66(9518822)3
66(9518831)3
66(9519335)3
66(9519362)3
66(9519425)3
66(9519461)3
66(9519722)3
66(9519731)3
66(9550736)3
66(9590372)3
66(9590471)3
66(9590822)3
66(9590831)3
66(95a0335)3
66(95a0362)3
66(95a0425)3
66(95a0461)3
66(95a0722)3
66(95a0731)3
66(9613736)3
66(9615770)3
66(9615815)3
66(9615860)3
66(9618272)3
66(9618470)3
66(9618812)3
66(9618830)3
66(9619235)3
66(9619262)3
66(9619415)3
66(9619460)3
66(9619712)3
66(9619730)3
66(9640736)3
66(9660770)3
66(9660815)3
66(9660860)3
66(9690272)3
66(9690470)3
66(9690812)3
66(9690830)3
66(96a0235)3
66(96a0262)3
66(96a0415)3
66(96a0460)3
66(96a0712)3
66(96a0730)3
66(9714770)3
66(9714815)3
66(9714860)3
66(9718271)3
66(9718370)3
66(9718811)3
66(9718820)3
66(9719225)3
66(9719261)3
66(9719315)3
66(9719360)3
66(9719711)3
66(9719720)3
66(9750770)3
66(9750815)3
66(9750860)3
66(9790271)3
66(9790370)3
66(9790811)3
66(9790820)3
66(97a0225)3
66(97a0261)3
66(97a0315)3
66(97a0360)3
66(97a0711)3
66(97a0720)3
66(9a13372)3
66(9a13471)3
66(9a13822)3
66(9a13831)3
66(9a14272)3
66(9a14470)3
66(9a14812)3
66(9a14830)3
66(9a15271)3
66(9a15370)3
66(9a15811)3
66(9a15820)3
66(9a19222)3
66(9a19231)3
66(9a19312)3
66(9a19330)3
66(9a19411)3
66(9a19420)3
66(9a40372)3
66(9a40471)3
66(9a40822)3
66(9a40831)3
66(9a50272)3
66(9a50470)3
66(9a50812)3
66(9a50830)3
66(9a60271)3
66(9a60370)3
66(9a60811)3
66(9a60820)3
66(9aa0222)3
66(9aa0231)3
66(9aa0312)3
66(9aa0330)3
66(9aa0411)3
66(9aa0420)3
666(7805)2
666(8174)2
666(8804)2
666(9155)2
666(9164)2
666(9605)2
666(9704)2
666(68074)2
666(69055)2
666(69064)2
666(81772)2
666(81835)2
666(81862)2
666(88072)2
666(89035)2
666(89062)2
666(91474)2
666(91672)2
666(91834)2
666(91852)2
666(95074)2
666(97072)2
666(99034)2
666(99052)2
666(a1455)2
666(a1464)2
666(a1635)2
666(a1662)2
666(a1734)2
666(a1752)2
666(a5055)2
666(a5064)2
666(a7035)2
666(a7062)2
666(a8034)2
666(a8052)2
666(680772)2
666(680835)2
666(680862)2
666(690474)2
666(690672)2
666(690834)2
666(690852)2
666(6a0455)2
666(6a0464)2
666(6a0635)2
666(6a0662)2
666(6a0734)2
666(6a0752)2
666(717375)2
666(780771)2
666(780825)2
666(780861)2
666(790374)2
666(790671)2
666(790824)2
666(790851)2
666(7a0355)2
666(7a0364)2
666(7a0625)2
666(7a0661)2
666(7a0724)2
666(7a0751)2
666(914772)2
666(914835)2
666(914862)2
666(915771)2
666(915825)2
666(915861)2
666(918372)2
666(918471)2
666(918822)2
666(918831)2
666(919335)2
666(919362)2
666(919425)2
666(919461)2
666(919722)2
666(919731)2
666(950772)2
666(950835)2
666(950862)2
666(960771)2
666(960825)2
666(960861)2
666(990372)2
666(990471)2
666(990822)2
666(990831)2
666(9a0335)2
666(9a0362)2
666(9a0425)2
666(9a0461)2
666(9a0722)2
666(9a0731)2
666(a14474)2
666(a14672)2
666(a14834)2
666(a14852)2
666(a15374)2
666(a15671)2
666(a15824)2
666(a15851)2
666(a17372)2
666(a17471)2
666(a17822)2
666(a17831)2
666(a19334)2
666(a19352)2
666(a19424)2
666(a19451)2
666(a19622)2
666(a19631)2
666(a50474)2
666(a50672)2
666(a50834)2
666(a50852)2
666(a60374)2
666(a60671)2
666(a60824)2
666(a60851)2
666(a80372)2
666(a80471)2
666(a80822)2
666(a80831)2
666(aa0334)2
666(aa0352)2
666(aa0424)2
666(aa0451)2
666(aa0622)2
666(aa0631)2
666(6707375)2
666(6904772)2
666(6904835)2
666(6904862)2
666(6905771)2
666(6905825)2
666(6905861)2
666(6908372)2
666(6908471)2
666(6908822)2
666(6908831)2
666(6909335)2
666(6909362)2
666(6909425)2
666(6909461)2
666(6909722)2
666(6909731)2
666(6a04474)2
666(6a04672)2
666(6a04834)2
666(6a04852)2
666(6a05374)2
666(6a05671)2
666(6a05824)2
666(6a05851)2
666(6a07372)2
666(6a07471)2
666(6a07822)2
666(6a07831)2
666(6a09334)2
666(6a09352)2
666(6a09424)2
666(6a09451)2
666(6a09622)2
666(6a09631)2
666(7183475)2
666(7185275)2
666(7707716)2
666(7708256)2
666(7708616)2
666(7903772)2
666(7903835)2
666(7903862)2
666(7905770)2
666(7905815)2
666(7905860)2
666(7908272)2
666(7908470)2
666(7908812)2
666(7908830)2
666(7909235)2
666(7909262)2
666(7909415)2
666(7909460)2
666(7909712)2
666(7909730)2
666(7a03474)2
666(7a03672)2
666(7a03834)2
666(7a03852)2
666(7a05274)2
666(7a05670)2
666(7a05814)2
666(7a05850)2
666(7a07272)2
666(7a07470)2
666(7a07812)2
666(7a07830)2
666(7a09234)2
666(7a09252)2
666(7a09414)2
666(7a09450)2
666(7a09612)2
666(7a09630)2
666(8147375)2
666(8157716)2
666(8158256)2
666(8158616)2
666(8183771)2
666(8183825)2
666(8183861)2
666(8184770)2
666(8184815)2
666(8184860)2
666(8188271)2
666(8188370)2
666(8188811)2
666(8188820)2
666(8189225)2
666(8189261)2
666(8189315)2
666(8189360)2
666(8189711)2
666(8189720)2
666(8193374)2
666(8193671)2
666(8193824)2
666(8193851)2
666(8194274)2
666(8194670)2
666(8194814)2
666(8194850)2
666(8197271)2
666(8197370)2
666(8197811)2
666(8197820)2
666(8199224)2
666(8199251)2
666(8199314)2
666(8199350)2
666(8199611)2
666(8199620)2
666(81a3355)2
666(81a3364)2
666(81a3625)2
666(81a3661)2
666(81a3724)2
666(81a3751)2
666(81a4255)2
666(81a4264)2
666(81a4615)2
666(81a4660)2
666(81a4714)2
666(81a4750)2
666(81a7225)2
666(81a7261)2
666(81a7315)2
666(81a7360)2
666(81a7711)2
666(81a7720)2
666(81a8224)2
666(81a8251)2
666(81a8314)2
666(81a8350)2
666(81a8611)2
666(81a8620)2
666(8507375)2
666(8607716)2
666(8608256)2
666(8608616)2
666(8903771)2
666(8903825)2
666(8903861)2
666(8904770)2
666(8904815)2
666(8904860)2
666(8908271)2
666(8908370)2
666(8908811)2
666(8908820)2
666(8909225)2
666(8909261)2
666(8909315)2
666(8909360)2
666(8909711)2
666(8909720)2
666(8a03374)2
666(8a03671)2
666(8a03824)2
666(8a03851)2
666(8a04274)2
666(8a04670)2
666(8a04814)2
666(8a04850)2
666(8a07271)2
666(8a07370)2
666(8a07811)2
666(8a07820)2
666(8a09224)2
666(8a09251)2
666(8a09314)2
666(8a09350)2
666(8a09611)2
666(8a09620)2
666(a144772)2
666(a144835)2
666(a144862)2
666(a145771)2
666(a145825)2
666(a145861)2
666(a148372)2
666(a148471)2
666(a148822)2
666(a148831)2
666(a149335)2
666(a149362)2
666(a149425)2
666(a149461)2
666(a149722)2
666(a149731)2
666(a153772)2
666(a153835)2
666(a153862)2
666(a155770)2
666(a155815)2
666(a155860)2
666(a158272)2
666(a158470)2
666(a158812)2
666(a158830)2
666(a159235)2
666(a159262)2
666(a159415)2
666(a159460)2
666(a159712)2
666(a159730)2
666(a163771)2
666(a163825)2
666(a163861)2
666(a164770)2
666(a164815)2
666(a164860)2
666(a168271)2
666(a168370)2
666(a168811)2
666(a168820)2
666(a169225)2
666(a169261)2
666(a169315)2
666(a169360)2
666(a169711)2
666(a169720)2
666(a193372)2
666(a193471)2
666(a193822)2
666(a193831)2
666(a194272)2
666(a194470)2
666(a194812)2
666(a194830)2
666(a195271)2
666(a195370)2
666(a195811)2
666(a195820)2
666(a199222)2
666(a199231)2
666(a199312)2
666(a199330)2
666(a199411)2
666(a199420)2
666(a1a3335)2
666(a1a3362)2
666(a1a3425)2
666(a1a3461)2
666(a1a3722)2
666(a1a3731)2
666(a1a4235)2
666(a1a4262)2
666(a1a4415)2
666(a1a4460)2
666(a1a4712)2
666(a1a4730)2
666(a1a5225)2
666(a1a5261)2
666(a1a5315)2
666(a1a5360)2
666(a1a5711)2
666(a1a5720)2
666(a1a8222)2
666(a1a8231)2
666(a1a8312)2
666(a1a8330)2
666(a1a8411)2
666(a1a8420)2
666(a504772)2
666(a504835)2
666(a504862)2
666(a505771)2
666(a505825)2
666(a505861)2
666(a508372)2
666(a508471)2
666(a508822)2
666(a508831)2
666(a509335)2
666(a509362)2
666(a509425)2
666(a509461)2
666(a509722)2
666(a509731)2
666(a603772)2
666(a603835)2
666(a603862)2
666(a605770)2
666(a605815)2
666(a605860)2
666(a608272)2
666(a608470)2
666(a608812)2
666(a608830)2
666(a609235)2
666(a609262)2
666(a609415)2
666(a609460)2
666(a609712)2
666(a609730)2
666(a703771)2
666(a703825)2
666(a703861)2
666(a704770)2
666(a704815)2
666(a704860)2
666(a708271)2
666(a708370)2
666(a708811)2
666(a708820)2
666(a709225)2
666(a709261)2
666(a709315)2
666(a709360)2
666(a709711)2
666(a709720)2
666(aa03372)2
666(aa03471)2
666(aa03822)2
666(aa03831)2
666(aa04272)2
666(aa04470)2
666(aa04812)2
666(aa04830)2
666(aa05271)2
666(aa05370)2
666(aa05811)2
666(aa05820)2
666(aa09222)2
666(aa09231)2
666(aa09312)2
666(aa09330)2
666(aa09411)2
666(aa09420)2
6666(80773)1
6666(80845)1
6666(80863)1
6666(90574)1
6666(90673)1
6666(90844)1
6666(90853)1
6666(a0555)1
6666(a0564)1
6666(a0645)1
6666(a0663)1
6666(a0744)1
6666(a0753)1
6666(807771)1
6666(807825)1
6666(807861)1
6666(808374)1
6666(808671)1
6666(808824)1
6666(808851)1
6666(809355)1
6666(809364)1
6666(809625)1
6666(809661)1
6666(809724)1
6666(809751)1
6666(904773)1
6666(904845)1
6666(904863)1
6666(906771)1
6666(906825)1
6666(906861)1
6666(908373)1
6666(908571)1
6666(908823)1
6666(908841)1
6666(909345)1
6666(909363)1
6666(909525)1
6666(909561)1
6666(909723)1
6666(909741)1
6666(a04574)1
6666(a04673)1
6666(a04844)1
6666(a04853)1
6666(a06374)1
6666(a06671)1
6666(a06824)1
6666(a06851)1
6666(a07373)1
6666(a07571)1
6666(a07823)1
6666(a07841)1
6666(a09344)1
6666(a09353)1
6666(a09524)1
6666(a09551)1
6666(a09623)1
6666(a09641)1
6666(7073774)1
6666(7073855)1
6666(7073864)1
6666(9047771)1
6666(9047825)1
6666(9047861)1
6666(9048374)1
6666(9048671)1
6666(9048824)1
6666(9048851)1
6666(9049355)1
6666(9049364)1
6666(9049625)1
6666(9049661)1
6666(9049724)1
6666(9049751)1
6666(9057770)1
6666(9057815)1
6666(9057860)1
6666(9058274)1
6666(9058670)1
6666(9058814)1
6666(9058850)1
6666(9059255)1
6666(9059264)1
6666(9059615)1
6666(9059660)1
6666(9059714)1
6666(9059750)1
6666(9083771)1
6666(9083825)1
6666(9083861)1
6666(9084770)1
6666(9084815)1
6666(9084860)1
6666(9088271)1
6666(9088370)1
6666(9088811)1
6666(9088820)1
6666(9089225)1
6666(9089261)1
6666(9089315)1
6666(9089360)1
6666(9089711)1
6666(9089720)1
6666(9093374)1
6666(9093671)1
6666(9093824)1
6666(9093851)1
6666(9094274)1
6666(9094670)1
6666(9094814)1
6666(9094850)1
6666(9097271)1
6666(9097370)1
6666(9097811)1
6666(9097820)1
6666(9099224)1
6666(9099251)1
6666(9099314)1
6666(9099350)1
6666(9099611)1
6666(9099620)1
6666(90a3355)1
6666(90a3364)1
6666(90a3625)1
6666(90a3661)1
6666(90a3724)1
6666(90a3751)1
6666(90a4255)1
6666(90a4264)1
6666(90a4615)1
6666(90a4660)1
6666(90a4714)1
6666(90a4750)1
6666(90a7225)1
6666(90a7261)1
6666(90a7315)1
6666(90a7360)1
6666(90a7711)1
6666(90a7720)1
6666(90a8224)1
6666(90a8251)1
6666(90a8314)1
6666(90a8350)1
6666(90a8611)1
6666(90a8620)1
6666(a044773)1
6666(a044845)1
6666(a044863)1
6666(a046771)1
6666(a046825)1
6666(a046861)1
6666(a048373)1
6666(a048571)1
6666(a048823)1
6666(a048841)1
6666(a049345)1
6666(a049363)1
6666(a049525)1
6666(a049561)1
6666(a049723)1
6666(a049741)1
6666(a053773)1
6666(a053845)1
6666(a053863)1
6666(a056770)1
6666(a056815)1
6666(a056860)1
6666(a058273)1
6666(a058570)1
6666(a058813)1
6666(a058840)1
6666(a059245)1
6666(a059263)1
6666(a059515)1
6666(a059560)1
6666(a059713)1
6666(a059740)1
6666(a073771)1
6666(a073825)1
6666(a073861)1
6666(a074770)1
6666(a074815)1
6666(a074860)1
6666(a078271)1
6666(a078370)1
6666(a078811)1
6666(a078820)1
6666(a079225)1
6666(a079261)1
6666(a079315)1
6666(a079360)1
6666(a079711)1
6666(a079720)1
6666(a093373)1
6666(a093571)1
6666(a093823)1
6666(a093841)1
6666(a094273)1
6666(a094570)1
6666(a094813)1
6666(a094840)1
6666(a096271)1
6666(a096370)1
6666(a096811)1
6666(a096820)1
6666(a099223)1
6666(a099241)1
6666(a099313)1
6666(a099340)1
6666(a099511)1
6666(a099520)1
6666(a0a3345)1
6666(a0a3363)1
6666(a0a3525)1
6666(a0a3561)1
6666(a0a3723)1
6666(a0a3741)1
6666(a0a4245)1
6666(a0a4263)1
6666(a0a4515)1
6666(a0a4560)1
6666(a0a4713)1
6666(a0a4740)1
6666(a0a6225)1
6666(a0a6261)1
6666(a0a6315)1
6666(a0a6360)1
6666(a0a6711)1
6666(a0a6720)1
6666(a0a8223)1
6666(a0a8241)1
6666(a0a8313)1
6666(a0a8340)1
6666(a0a8511)1
6666(a0a8520)1
7(933)44
7(942)44
7(7922)44
7(7931)44
7(a334)44
7(a352)44
7(a424)44
7(a451)44
7(a622)44
7(a631)44
7(47383)44
7(77911)44
7(77920)44
7(7a224)44
7(7a251)44
7(7a314)44
7(7a350)44
7(7a611)44
7(7a620)44
7(83923)44
7(83941)44
7(84913)44
7(84940)44
7(86911)44
7(86920)44
7(8a223)44
7(8a241)44
7(8a313)44
7(8a340)44
7(8a511)44
7(8a520)44
7(473934)44
7(473952)44
7(483483)44
7(485283)44
7(777900)44
7(77a114)44
7(77a150)44
7(77a204)44
7(77a600)44
7(782913)44
7(782940)44
7(783903)44
7(786900)44
7(78a113)44
7(78a140)44
7(78a203)44
7(78a500)44
7(837912)44
7(837930)44
7(83a234)44
7(83a252)44
7(83a414)44
7(83a450)44
7(83a612)44
7(83a630)44
7(847902)44
7(84a134)44
7(84a152)44
7(84a404)44
7(84a602)44
7(867900)44
7(86a114)44
7(86a150)44
7(86a204)44
7(86a600)44
7(882912)44
7(882930)44
7(883902)44
7(885900)44
7(88a112)44
7(88a130)44
7(88a202)44
7(88a400)44
7(935913)44
7(935940)44
7(936912)44
7(936930)44
7(93a233)44
7(93a242)44
7(93a413)44
7(93a440)44
7(93a512)44
7(93a530)44
7(945903)44
7(946902)44
7(94a133)44
7(94a142)44
7(94a403)44
7(94a502)44
7(962913)44
7(962940)44
7(963903)44
7(966900)44
7(96a113)44
7(96a140)44
7(96a203)44
7(96a500)44
7(972912)44
7(972930)44
7(973902)44
7(975900)44
7(97a112)44
7(97a130)44
7(97a202)44
7(97a400)44
7(4737383)44
7(4737923)44
7(4737941)44
7(473a344)44
7(473a353)44
7(473a524)44
7(473a551)44
7(473a623)44
7(473a641)44
7(4782383)44
7(4784183)44
7(4834934)44
7(4834952)44
7(4852934)44
7(4852952)44
7(4935383)44
7(4955183)44
7(4962383)44
7(4964183)44
7(777a004)44
7(7781903)44
7(778a003)44
7(7827902)44
7(782a134)44
7(782a152)44
7(782a404)44
7(782a602)44
7(783a034)44
7(783a052)44
7(786a004)44
7(7881902)44
7(788a002)44
7(7925903)44
7(7926902)44
7(792a133)44
7(792a142)44
7(792a403)44
7(792a502)44
7(793a033)44
7(793a042)44
7(7961903)44
7(796a003)44
7(7971902)44
7(797a002)44
7(8337383)44
7(8377901)44
7(837a124)44
7(837a151)44
7(837a304)44
7(837a601)44
7(8382923)44
7(8382941)44
7(8384903)44
7(8386901)44
7(838a123)44
7(838a141)44
7(838a303)44
7(838a501)44
7(8427383)44
7(847a024)44
7(847a051)44
7(8481923)44
7(8481941)44
7(848a023)44
7(848a041)44
7(867a004)44
7(8681903)44
7(868a003)44
7(8827901)44
7(882a124)44
7(882a151)44
7(882a304)44
7(882a601)44
7(883a024)44
7(883a051)44
7(885a004)44
7(8881901)44
7(888a001)44
7(8922923)44
7(8922941)44
7(8924903)44
7(8926901)44
7(892a123)44
7(892a141)44
7(892a303)44
7(892a501)44
7(8931923)44
7(8931941)44
7(893a023)44
7(893a041)44
7(8951903)44
7(895a003)44
7(8971901)44
7(897a001)44
7(9357902)44
7(935a134)44
7(935a152)44
7(935a404)44
7(935a602)44
7(9367901)44
7(936a124)44
7(936a151)44
7(936a304)44
7(936a601)44
7(9382922)44
7(9382931)44
7(9384902)44
7(9385901)44
7(938a122)44
7(938a131)44
7(938a302)44
7(938a401)44
7(945a034)44
7(945a052)44
7(946a024)44
7(946a051)44
7(9481922)44
7(9481931)44
7(948a022)44
7(948a031)44
7(9627902)44
7(962a134)44
7(962a152)44
7(962a404)44
7(962a602)44
7(963a034)44
7(963a052)44
7(966a004)44
7(9681902)44
7(968a002)44
7(9727901)44
7(972a124)44
7(972a151)44
7(972a304)44
7(972a601)44
7(973a024)44
7(973a051)44
7(975a004)44
7(9781901)44
7(978a001)44
7(9922922)44
7(9922931)44
7(9924902)44
7(9925901)44
7(992a122)44
7(992a131)44
7(992a302)44
7(992a401)44
7(9931922)44
7(9931931)44
7(993a022)44
7(993a031)44
7(9951902)44
7(995a002)44
7(9961901)44
7(996a001)44
7(a335923)44
7(a335941)44
7(a336922)44
7(a336931)44
7(a33a333)44
7(a33a342)44
7(a33a423)44
7(a33a441)44
7(a33a522)44
7(a33a531)44
7(a355903)44
7(a356902)44
7(a35a133)44
7(a35a142)44
7(a35a403)44
7(a35a502)44
7(a362923)44
7(a362941)44
7(a364903)44
7(a366901)44
7(a36a123)44
7(a36a141)44
7(a36a303)44
7(a36a501)44
7(a372922)44
7(a372931)44
7(a374902)44
7(a375901)44
7(a37a122)44
7(a37a131)44
7(a37a302)44
7(a37a401)44
7(a425923)44
7(a425941)44
7(a426922)44
7(a426931)44
7(a42a333)44
7(a42a342)44
7(a42a423)44
7(a42a441)44
7(a42a522)44
7(a42a531)44
7(a45a033)44
7(a45a042)44
7(a461923)44
7(a461941)44
7(a46a023)44
7(a46a041)44
7(a471922)44
7(a471931)44
7(a47a022)44
7(a47a031)44
7(a625903)44
7(a626902)44
7(a62a133)44
7(a62a142)44
7(a62a403)44
7(a62a502)44
7(a63a033)44
7(a63a042)44
7(a661903)44
7(a66a003)44
7(a671902)44
7(a67a002)44
7(a722923)44
7(a722941)44
7(a724903)44
7(a726901)44
7(a72a123)44
7(a72a141)44
7(a72a303)44
7(a72a501)44
7(a731923)44
7(a731941)44
7(a73a023)44
7(a73a041)44
7(a751903)44
7(a75a003)44
7(a771901)44
7(a77a001)44
7(a822922)44
7(a822931)44
7(a824902)44
7(a825901)44
7(a82a122)44
7(a82a131)44
7(a82a302)44
7(a82a401)44
7(a831922)44
7(a831931)44
7(a83a022)44
7(a83a031)44
7(a851902)44
7(a85a002)44
7(a861901)44
7(a86a001)44
67(82)34
67(3737)34
67(8480)34
67(8912)34
67(8930)34
67(a235)34
67(a262)34
67(a415)34
67(a460)34
67(a712)34
67(a730)34
67(38527)34
67(78181)34
67(78901)34
67(7a125)34
67(7a161)34
67(7a305)34
67(7a701)34
67(92581)34
67(92923)34
67(92941)34
67(94903)34
67(96181)34
67(96901)34
67(9a123)34
67(9a141)34
67(9a303)34
67(9a501)34
67(373935)34
67(373962)34
67(378237)34
67(378417)34
67(395517)34
67(396417)34
67(778080)34
67(77a015)34
67(77a060)34
67(791580)34
67(791913)34
67(791940)34
67(796080)34
67(79a013)34
67(79a040)34
67(84a035)34
67(84a062)34
67(868080)34
67(86a015)34
67(86a060)34
67(891480)34
67(891912)34
67(891930)34
67(895080)34
67(89a012)34
67(89a030)34
67(a23933)34
67(a23942)34
67(a25580)34
67(a25913)34
67(a25940)34
67(a26480)34
67(a26912)34
67(a26930)34
67(a2a233)34
67(a2a242)34
67(a2a413)34
67(a2a440)34
67(a2a512)34
67(a2a530)34
67(a41933)34
67(a41942)34
67(a4a033)34
67(a4a042)34
67(a61580)34
67(a61913)34
67(a61940)34
67(a66080)34
67(a6a013)34
67(a6a040)34
67(a71480)34
67(a71912)34
67(a71930)34
67(a75080)34
67(a7a012)34
67(a7a030)34
67(3738581)34
67(3738923)34
67(3738941)34
67(373a345)34
67(373a363)34
67(373a525)34
67(373a561)34
67(373a723)34
67(373a741)34
67(3778127)34
67(3778307)34
67(3792527)34
67(3794507)34
67(3796127)34
67(3796307)34
67(3852935)34
67(3852962)34
67(3858407)34
67(3868127)34
67(3868307)34
67(3892427)34
67(3894407)34
67(3895127)34
67(3895307)34
67(3a35527)34
67(3a36427)34
67(3a55507)34
67(3a56407)34
67(3a62527)34
67(3a64507)34
67(3a66127)34
67(3a66307)34
67(3a72427)34
67(3a74407)34
67(3a75127)34
67(3a75307)34
67(7790903)34
67(7818902)34
67(781a135)34
67(781a162)34
67(781a405)34
67(781a702)34
67(7890902)34
67(7a12933)34
67(7a12942)34
67(7a15903)34
67(7a16902)34
67(7a1a133)34
67(7a1a142)34
67(7a1a403)34
67(7a1a502)34
67(7a30933)34
67(7a30942)34
67(7a60903)34
67(7a70902)34
67(8418527)34
67(8490581)34
67(8490923)34
67(8490941)34
67(8690903)34
67(8818181)34
67(8818901)34
67(881a125)34
67(881a161)34
67(881a305)34
67(881a701)34
67(8890181)34
67(8890901)34
67(8a12581)34
67(8a12923)34
67(8a12941)34
67(8a14903)34
67(8a16181)34
67(8a16901)34
67(8a1a123)34
67(8a1a141)34
67(8a1a303)34
67(8a1a501)34
67(8a30581)34
67(8a30923)34
67(8a30941)34
67(8a50903)34
67(8a70181)34
67(8a70901)34
67(9258902)34
67(925a135)34
67(925a162)34
67(925a405)34
67(925a702)34
67(9268181)34
67(9268901)34
67(926a125)34
67(926a161)34
67(926a305)34
67(926a701)34
67(9292481)34
67(9292922)34
67(9292931)34
67(9294902)34
67(9295181)34
67(9295901)34
67(929a122)34
67(929a131)34
67(929a302)34
67(929a401)34
67(9490481)34
67(9490922)34
67(9490931)34
67(9618902)34
67(961a135)34
67(961a162)34
67(961a405)34
67(961a702)34
67(9690902)34
67(9718181)34
67(9718901)34
67(971a125)34
67(971a161)34
67(971a305)34
67(971a701)34
67(9790181)34
67(9790901)34
67(9a12481)34
67(9a12922)34
67(9a12931)34
67(9a14902)34
67(9a15181)34
67(9a15901)34
67(9a1a122)34
67(9a1a131)34
67(9a1a302)34
67(9a1a401)34
67(9a30481)34
67(9a30922)34
67(9a30931)34
67(9a50902)34
67(9a60181)34
67(9a60901)34
667(780)24
667(915)24
667(960)24
667(88081)24
667(8a025)24
667(8a061)24
667(91681)24
667(91924)24
667(91951)24
667(97081)24
667(9a024)24
667(9a051)24
667(285285)24
667(717717)24
667(718257)24
667(718617)24
667(790680)24
667(790914)24
667(790950)24
667(918282)24
667(918480)24
667(918912)24
667(918930)24
667(91a235)24
667(91a262)24
667(91a415)24
667(91a460)24
667(91a712)24
667(91a730)24
667(990282)24
667(990480)24
667(990912)24
667(990930)24
667(a13682)24
667(a13934)24
667(a13952)24
667(a15680)24
667(a15914)24
667(a15950)24
667(a17282)24
667(a17480)24
667(a17912)24
667(a17930)24
667(a1a234)24
667(a1a252)24
667(a1a414)24
667(a1a450)24
667(a1a612)24
667(a1a630)24
667(a40682)24
667(a40934)24
667(a40952)24
667(a60680)24
667(a60914)24
667(a60950)24
667(a80282)24
667(a80480)24
667(a80912)24
667(a80930)24
667(2737385)24
667(2782385)24
667(2955185)24
667(2964185)24
667(7182737)24
667(7185707)24
667(7188137)24
667(7188407)24
667(7192457)24
667(7192637)24
667(7195157)24
667(7195607)24
667(7197137)24
667(7197407)24
667(7905905)24
667(7908182)24
667(7908902)24
667(790a135)24
667(790a162)24
667(790a405)24
667(790a702)24
667(7a02682)24
667(7a02934)24
667(7a02952)24
667(7a05904)24
667(7a07182)24
667(7a07902)24
667(7a0a134)24
667(7a0a152)24
667(7a0a404)24
667(7a0a602)24
667(8182781)24
667(8182925)24
667(8182961)24
667(8904905)24
667(8908181)24
667(8908901)24
667(890a125)24
667(890a161)24
667(890a305)24
667(890a701)24
667(8a02681)24
667(8a02924)24
667(8a02951)24
667(8a04904)24
667(8a07181)24
667(8a07901)24
667(8a0a124)24
667(8a0a151)24
667(8a0a304)24
667(8a0a601)24
667(a138382)24
667(a138481)24
667(a138922)24
667(a138931)24
667(a13a335)24
667(a13a362)24
667(a13a425)24
667(a13a461)24
667(a13a722)24
667(a13a731)24
667(a155905)24
667(a158182)24
667(a158902)24
667(a15a135)24
667(a15a162)24
667(a15a405)24
667(a15a702)24
667(a164905)24
667(a168181)24
667(a168901)24
667(a16a125)24
667(a16a161)24
667(a16a305)24
667(a16a701)24
667(a192382)24
667(a192481)24
667(a192922)24
667(a192931)24
667(a194182)24
667(a194902)24
667(a195181)24
667(a195901)24
667(a19a122)24
667(a19a131)24
667(a19a302)24
667(a19a401)24
667(a408382)24
667(a408481)24
667(a408922)24
667(a408931)24
667(a40a335)24
667(a40a362)24
667(a40a425)24
667(a40a461)24
667(a40a722)24
667(a40a731)24
667(a605905)24
667(a608182)24
667(a608902)24
667(a60a135)24
667(a60a162)24
667(a60a405)24
667(a60a702)24
667(a704905)24
667(a708181)24
667(a708901)24
667(a70a125)24
667(a70a161)24
667(a70a305)24
667(a70a701)24
667(aa02382)24
667(aa02481)24
667(aa02922)24
667(aa02931)24
667(aa04182)24
667(aa04902)24
667(aa05181)24
667(aa05901)24
667(aa0a122)24
667(aa0a131)24
667(aa0a302)24
667(aa0a401)24
6667(a055)14
6667(a064)14
6667(808284)14
6667(906780)14
6667(906915)14
6667(906960)14
6667(908283)14
6667(908580)14
6667(908913)14
6667(908940)14
6667(90a245)14
6667(90a263)14
6667(90a515)14
6667(90a560)14
6667(90a713)14
6667(90a740)14
6667(a03683)14
6667(a03944)14
6667(a03953)14
6667(a06680)14
6667(a06914)14
6667(a06950)14
6667(a07283)14
6667(a07580)14
6667(a07913)14
6667(a07940)14
6667(a0a244)14
6667(a0a253)14
6667(a0a514)14
6667(a0a550)14
6667(a0a613)14
6667(a0a640)14
6667(7082585)14
6667(7086185)14
6667(9082781)14
6667(9082925)14
6667(9082961)14
6667(9084905)14
6667(9088181)14
6667(9088901)14
6667(908a125)14
6667(908a161)14
6667(908a305)14
6667(908a701)14
6667(9092681)14
6667(9092924)14
6667(9092951)14
6667(9094904)14
6667(9097181)14
6667(9097901)14
6667(909a124)14
6667(909a151)14
6667(909a304)14
6667(909a601)14
6667(a036781)14
6667(a036925)14
6667(a036961)14
6667(a038383)14
6667(a038581)14
6667(a038923)14
6667(a038941)14
6667(a03a345)14
6667(a03a363)14
6667(a03a525)14
6667(a03a561)14
6667(a03a723)14
6667(a03a741)14
6667(a056905)14
6667(a058183)14
6667(a058903)14
6667(a05a145)14
6667(a05a163)14
6667(a05a505)14
6667(a05a703)14
6667(a072781)14
6667(a072925)14
6667(a072961)14
6667(a074905)14
6667(a078181)14
6667(a078901)14
6667(a07a125)14
6667(a07a161)14
6667(a07a305)14
6667(a07a701)14
6667(a092383)14
6667(a092581)14
6667(a092923)14
6667(a092941)14
6667(a094183)14
6667(a094903)14
6667(a096181)14
6667(a096901)14
6667(a09a123)14
6667(a09a141)14
6667(a09a303)14
6667(a09a501)14
77(9281)33
77(9380)33
77(9911)33
77(9920)33
77(a226)33
77(a271)33
77(a316)33
77(a370)33
77(a811)33
77(a820)33
77(79180)33
77(79900)33
77(7a116)33
77(7a170)33
77(7a206)33
77(7a800)33
77(a2283)33
77(a2580)33
77(a2913)33
77(a2940)33
77(a3183)33
77(a3903)33
77(a6180)33
77(a6900)33
77(aa113)33
77(aa140)33
77(aa203)33
77(aa500)33
77(77a006)33
77(7a1183)33
77(7a1903)33
77(7a2083)33
77(7aa003)33
77(86a006)33
77(8a1182)33
77(8a1902)33
77(8a2082)33
77(8aa002)33
77(3825827)33
77(3825881)33
77(3825926)33
77(3825971)33
77(3861827)33
77(3861881)33
77(3861926)33
77(3861971)33
77(77a0083)33
77(78a0082)33
77(86a0083)33
77(8819081)33
77(881a026)33
77(881a071)33
77(88a0081)33
77(9229337)33
77(9229427)33
77(9269081)33
77(926a026)33
77(926a071)33
77(92a1382)33
77(92a1481)33
77(92a1922)33
77(92a1931)33
77(92a4082)33
77(92a5081)33
77(92aa022)33
77(92aa031)33
77(9319337)33
77(9319427)33
77(93a0382)33
77(93a0481)33
77(93a0922)33
77(93a0931)33
77(96a0082)33
77(9719081)33
77(971a026)33
77(971a071)33
77(97a0081)33
677(89080)23
677(8a016)23
677(8a070)23
677(a1284)23
677(a1680)23
677(a1914)23
677(a1950)23
677(a3084)23
677(a7080)23
677(aa014)23
677(aa050)23
677(7a0184)23
677(7a0904)23
677(919182)23
677(919902)23
677(91a136)23
677(91a172)23
677(91a406)23
677(91a802)23
677(9a0182)23
677(9a0902)23
677(7909082)23
677(790a036)23
677(790a072)23
677(8901827)23
677(8909081)23
677(890a026)23
677(890a071)23
677(a125827)23
677(a129382)23
677(a129481)23
677(a129922)23
677(a129931)23
677(a12a336)23
677(a12a372)23
677(a12a426)23
677(a12a471)23
677(a12a822)23
677(a12a831)23
677(a159082)23
677(a15a036)23
677(a15a072)23
677(a161827)23
677(a169081)23
677(a16a026)23
677(a16a071)23
677(a1a1382)23
677(a1a1481)23
677(a1a1922)23
677(a1a1931)23
677(a1a4082)23
677(a1a5081)23
677(a1aa022)23
677(a1aa031)23
677(a305827)23
677(a309382)23
677(a309481)23
677(a309922)23
677(a309931)23
677(a30a336)23
677(a30a372)23
677(a30a426)23
677(a30a471)23
677(a30a822)23
677(a30a831)23
677(a609082)23
677(a60a036)23
677(a60a072)23
677(a701827)23
677(a709081)23
677(a70a026)23
677(a70a071)23
6677(906)13
6677(182586)13
6677(186186)13
6677(807807)13
6677(809157)13
6677(809607)13
6677(909183)13
6677(909903)13
6677(90a146)13
6677(90a173)13
6677(90a506)13
6677(90a803)13
6677(1884086)13
6677(1924586)13
6677(1951586)13
6677(1956086)13
6677(1974086)13
6677(9089081)13
6677(908a026)13
6677(908a071)13
6677(90a1384)13
6677(90a1681)13
6677(90a1924)13
6677(90a1951)13
6677(90a4084)13
6677(90a7081)13
6677(90aa024)13
6677(90aa051)13
6677(a029383)13
6677(a029581)13
6677(a029923)13
6677(a029941)13
6677(a02a346)13
6677(a02a373)13
6677(a02a526)13
6677(a02a571)13
6677(a02a823)13
6677(a02a841)13
6677(a059083)13
6677(a05a046)13
6677(a05a073)13
6677(a079081)13
6677(a07a026)13
6677(a07a071)13
6677(a0a1383)13
6677(a0a1581)13
6677(a0a1923)13
6677(a0a1941)13
6677(a0a4083)13
6677(a0a6081)13
6677(a0aa023)13
6677(a0aa041)13
777(91906)22
777(9a006)22
777(a1185)22
777(a1905)22
777(a2085)22
777(aa005)22
777(7a0085)22
777(a11882)22
777(a11936)22
777(a11972)22
777(a19082)22
777(a1a036)22
777(a1a072)22
777(a20882)22
777(a20936)22
777(a20972)22
777(aa0082)22
777(7a00882)22
777(7a00936)22
777(7a00972)22
777(8a00881)22
777(8a00926)22
777(8a00971)22
6777(a01883)12
6777(a01946)12
6777(a01973)12
6777(a09083)12
6777(a0a046)12
6777(a0a073)12
6777(9090881)12
6777(9090926)12
6777(9090971)12
6777(90a0385)12
6777(90a0781)12
6777(90a0925)12
6777(90a0961)12
7777(a00884)11
7777(a00956)11
7777(a00974)11
7777(a008881)11
7777(a008926)11
7777(a008971)11
7777(a009385)11
7777(a009781)11
7777(a009925)11
7777(a009961)11
7777(a00a366)11
7777(a00a375)11
7777(a00a726)11
7777(a00a771)11
7777(a00a825)11
7777(a00a861)11
8(4582592)444
8(4933a33)444
8(4933a42)444
8(4942a33)444
8(4942a42)444
68(a23)344
68(a41)344
68(92a22)344
68(92a31)344
68(94a02)344
68(95a01)344
68(393393)344
68(394293)344
68(891a11)344
68(891a20)344
68(a24a13)344
68(a24a40)344
68(a26a11)344
68(a26a20)344
68(a51a13)344
68(a51a40)344
68(a71a11)344
68(a71a20)344
68(3a35293)344
68(3a45193)344
68(3a62293)344
68(3a63193)344
68(8890a00)344
68(8a12a13)344
68(8a12a40)344
68(8a13a03)344
68(8a16a00)344
68(8a30a13)344
68(8a30a40)344
68(8a40a03)344
68(8a70a00)344
68(9238292)344
68(9292a12)344
68(9292a30)344
68(9293a02)344
68(9295a00)344
68(9418292)344
68(9490a12)344
68(9490a30)344
68(9590a02)344
68(9790a00)344
68(9a12a12)344
68(9a12a30)344
68(9a13a02)344
68(9a15a00)344
68(9a30a12)344
68(9a30a30)344
68(9a40a02)344
68(9a60a00)344
668(a14)244
668(a50)244
668(8a02)244
668(258258)244
668(294294)244
668(690690)244
668(918a11)244
668(918a20)244
668(990a11)244
668(990a20)244
668(a17a11)244
668(a17a20)244
668(a80a11)244
668(a80a20)244
668(2588408)244
668(2595158)244
668(2595608)244
668(2597408)244
668(2942a35)244
668(2942a62)244
668(2a45194)244
668(2a63194)244
668(8908a00)244
668(8a03a04)244
668(8a07a00)244
668(a168a00)244
668(a192a12)244
668(a192a30)244
668(a193a02)244
668(a195a00)244
668(a708a00)244
668(aa02a12)244
668(aa02a30)244
668(aa03a02)244
668(aa05a00)244
6668(90a24)144
6668(90a51)144
6668(9038294)144
6668(9088a00)144
6668(9092a14)144
6668(9092a50)144
6668(9093a04)144
6668(9097a00)144
6668(a078a00)144
6668(a092a13)144
6668(a092a40)144
6668(a093a03)144
6668(a096a00)144
78(a2a12)334
78(a2a30)334
78(a3a02)334
78(a5a00)334
78(8a1a01)334
78(3829a12)334
78(3829a30)334
78(92a1a12)334
78(92a1a30)334
78(93a0a12)334
78(93a0a30)334
678(91)234
678(2828)234
678(9a01)234
678(282a26)234
678(282a71)234
678(289128)234
678(289308)234
678(2a2358)234
678(2a4158)234
678(2a4608)234
678(2a7308)234
678(9a0a01)234
678(2969018)234
678(29a1418)234
678(29a5018)234
678(8909090)234
678(a169090)234
678(a1a1490)234
678(a1a1a12)234
678(a1a1a30)234
678(a1a5090)234
678(a709090)234
6678(a0690)134
6678(a0a14)134
6678(a0a50)134
6678(a079090)134
6678(a0a1590)134
6678(a0a1a13)134
6678(a0a1a40)134
6678(a0a6090)134
778(a19091)224
778(aa0091)224
6778(a0a05)124
6688(a091)133
6688(a02a148)133
6688(a02a508)133
788(a1a090)223
79(3a23a2)3344
79(3a41a2)3344
79(4a14a1)3344
79(4a50a1)3344
6679(159159)1344
6679(159609)1344
6679(1a41a4)1344
6679(609609)1344
6789(a0)1234
6789(1919)1234
6789(19a019)1234
