5
64
663
744
753
6662
6734
6752
7463
7562
7733
7742
8444
8453
8534
8552
8633
8642
66661
66724
66751
67363
67561
67723
67741
68344
68353
68524
68551
68623
68641
74662
74734
74752
75661
75724
75751
77362
77461
77722
77731
78334
78352
78424
78451
78622
78631
84463
84562
84733
84742
85363
85561
85723
85741
86362
86461
86722
86731
88333
88342
88423
88441
88522
88531
94444
94453
94534
94552
94633
94642
95344
95353
95524
95551
95623
95641
96334
96352
96424
96451
96622
96631
97333
97342
97423
97441
97522
97531
666660
666714
666750
667263
667560
667713
667740
668244
668253
668514
668550
668613
668640
673662
673734
673752
675660
675714
675750
677262
677460
677712
677730
678234
678252
678414
678450
678612
678630
683463
683562
683733
683742
685263
685560
685713
685740
686262
686460
686712
686730
688233
688242
688413
688440
688512
688530
693444
693453
693534
693552
693633
693642
695244
695253
695514
695550
695613
695640
696234
696252
696414
696450
696612
696630
697233
697242
697413
697440
697512
697530
746661
746724
746751
747363
747561
747723
747741
748344
748353
748524
748551
748623
748641
756660
756714
756750
757263
757560
757713
757740
758244
758253
758514
758550
758613
758640
773661
773724
773751
774660
774714
774750
777261
777360
777711
777720
778224
778251
778314
778350
778611
778620
783363
783561
783723
783741
784263
784560
784713
784740
786261
786360
786711
786720
788223
788241
788313
788340
788511
788520
793344
793353
793524
793551
793623
793641
794244
794253
794514
794550
794613
794640
796224
796251
796314
796350
796611
796620
797223
797241
797313
797340
797511
797520
844662
844734
844752
845661
845724
845751
847362
847461
847722
847731
848334
848352
848424
848451
848622
848631
853662
853734
853752
855660
855714
855750
857262
857460
857712
857730
858234
858252
858414
858450
858612
858630
863661
863724
863751
864660
864714
864750
867261
867360
867711
867720
868224
868251
868314
868350
868611
868620
883362
883461
883722
883731
884262
884460
884712
884730
885261
885360
885711
885720
888222
888231
888312
888330
888411
888420
893334
893352
893424
893451
893622
893631
894234
894252
894414
894450
894612
894630
895224
895251
895314
895350
895611
895620
897222
897231
897312
897330
897411
897420
944463
944562
944733
944742
945363
945561
945723
945741
946362
946461
946722
946731
948333
948342
948423
948441
948522
948531
953463
953562
953733
953742
955263
955560
955713
955740
956262
956460
956712
956730
958233
958242
958413
958440
958512
958530
963363
963561
963723
963741
964263
964560
964713
964740
966261
966360
966711
966720
968223
968241
968313
968340
968511
968520
973362
973461
973722
973731
974262
974460
974712
974730
975261
975360
975711
975720
978222
978231
978312
978330
978411
978420
993333
993342
993423
993441
993522
993531
994233
994242
994413
994440
994512
994530
995223
995241
995313
995340
995511
995520
996222
996231
996312
996330
996411
996420
a44444
a44453
a44534
a44552
a44633
a44642
a45344
a45353
a45524
a45551
a45623
a45641
a46334
a46352
a46424
a46451
a46622
a46631
a47333
a47342
a47423
a47441
a47522
a47531
a53444
a53453
a53534
a53552
a53633
a53642
a55244
a55253
a55514
a55550
a55613
a55640
a56234
a56252
a56414
a56450
a56612
a56630
a57233
a57242
a57413
a57440
a57512
a57530
a63344
a63353
a63524
a63551
a63623
a63641
a64244
a64253
a64514
a64550
a64613
a64640
a66224
a66251
a66314
a66350
a66611
a66620
a67223
a67241
a67313
a67340
a67511
a67520
a73334
a73352
a73424
a73451
a73622
a73631
a74234
a74252
a74414
a74450
a74612
a74630
a75224
a75251
a75314
a75350
a75611
a75620
a77222
a77231
a77312
a77330
a77411
a77420
a83333
a83342
a83423
a83441
a83522
a83531
a84233
a84242
a84413
a84440
a84512
a84530
a85223
a85241
a85313
a85340
a85511
a85520
a86222
a86231
a86312
a86330
a86411
a86420
6(73)4
6(672)4
6(834)4
6(852)4
6(6671)4
6(6824)4
6(6851)4
6(7571)4
6(7823)4
6(7841)4
6(9344)4
6(9353)4
6(9524)4
6(9551)4
6(9623)4
6(9641)4
6(66670)4
6(66814)4
6(66850)4
6(67570)4
6(67813)4
6(67840)4
6(69244)4
6(69253)4
6(69514)4
6(69550)4
6(69613)4
6(69640)4
6(75670)4
6(75814)4
6(75850)4
6(77272)4
6(77470)4
6(77812)4
6(77830)4
6(79234)4
6(79252)4
6(79414)4
6(79450)4
6(79612)4
6(79630)4
6(83572)4
6(83833)4
6(83842)4
6(85570)4
6(85813)4
6(85840)4
6(86272)4
6(86470)4
6(86812)4
6(86830)4
6(89233)4
6(89242)4
6(89413)4
6(89440)4
6(89512)4
6(89530)4
6(a3444)4
6(a3453)4
6(a3534)4
6(a3552)4
6(a3633)4
6(a3642)4
6(a5244)4
6(a5253)4
6(a5514)4
6(a5550)4
6(a5613)4
6(a5640)4
6(a6234)4
6(a6252)4
6(a6414)4
6(a6450)4
6(a6612)4
6(a6630)4
6(a7233)4
6(a7242)4
6(a7413)4
6(a7440)4
6(a7512)4
6(a7530)4
6(666804)4
6(667803)4
6(669144)4
6(669153)4
6(669504)4
6(669603)4
6(675804)4
6(677172)4
6(677802)4
6(679134)4
6(679152)4
6(679404)4
6(679602)4
6(682572)4
6(682833)4
6(682842)4
6(685803)4
6(686172)4
6(686802)4
6(689133)4
6(689142)4
6(689403)4
6(689502)4
6(6a2444)4
6(6a2453)4
6(6a2534)4
6(6a2552)4
6(6a2633)4
6(6a2642)4
6(6a5144)4
6(6a5153)4
6(6a5504)4
6(6a5603)4
6(6a6134)4
6(6a6152)4
6(6a6404)4
6(6a6602)4
6(6a7133)4
6(6a7142)4
6(6a7403)4
6(6a7502)4
6(756804)4
6(757803)4
6(759144)4
6(759153)4
6(759504)4
6(759603)4
6(772671)4
6(772824)4
6(772851)4
6(774804)4
6(777171)4
6(777801)4
6(779124)4
6(779151)4
6(779304)4
6(779601)4
6(782571)4
6(782823)4
6(782841)4
6(784803)4
6(786171)4
6(786801)4
6(789123)4
6(789141)4
6(789303)4
6(789501)4
6(7a2344)4
6(7a2353)4
6(7a2524)4
6(7a2551)4
6(7a2623)4
6(7a2641)4
6(7a4144)4
6(7a4153)4
6(7a4504)4
6(7a4603)4
6(7a6124)4
6(7a6151)4
6(7a6304)4
6(7a6601)4
6(7a7123)4
6(7a7141)4
6(7a7303)4
6(7a7501)4
6(835671)4
6(835824)4
6(835851)4
6(837372)4
6(837471)4
6(837822)4
6(837831)4
6(839334)4
6(839352)4
6(839424)4
6(839451)4
6(839622)4
6(839631)4
6(855804)4
6(857172)4
6(857802)4
6(859134)4
6(859152)4
6(859404)4
6(859602)4
6(862671)4
6(862824)4
6(862851)4
6(864804)4
6(867171)4
6(867801)4
6(869124)4
6(869151)4
6(869304)4
6(869601)4
6(882372)4
6(882471)4
6(882822)4
6(882831)4
6(884172)4
6(884802)4
6(885171)4
6(885801)4
6(889122)4
6(889131)4
6(889302)4
6(889401)4
6(8a2334)4
6(8a2352)4
6(8a2424)4
6(8a2451)4
6(8a2622)4
6(8a2631)4
6(8a4134)4
6(8a4152)4
6(8a4404)4
6(8a4602)4
6(8a5124)4
6(8a5151)4
6(8a5304)4
6(8a5601)4
6(8a7122)4
6(8a7131)4
6(8a7302)4
6(8a7401)4
6(934572)4
6(934833)4
6(934842)4
6(935571)4
6(935823)4
6(935841)4
6(936372)4
6(936471)4
6(936822)4
6(936831)4
6(939333)4
6(939342)4
6(939423)4
6(939441)4
6(939522)4
6(939531)4
6(952572)4
6(952833)4
6(952842)4
6(955803)4
6(956172)4
6(956802)4
6(959133)4
6(959142)4
6(959403)4
6(959502)4
6(962571)4
6(962823)4
6(962841)4
6(964803)4
6(966171)4
6(966801)4
6(969123)4
6(969141)4
6(969303)4
6(969501)4
6(972372)4
6(972471)4
6(972822)4
6(972831)4
6(974172)4
6(974802)4
6(975171)4
6(975801)4
6(979122)4
6(979131)4
6(979302)4
6(979401)4
6(9a2333)4
6(9a2342)4
6(9a2423)4
6(9a2441)4
6(9a2522)4
6(9a2531)4
6(9a4133)4
6(9a4142)4
6(9a4403)4
6(9a4502)4
6(9a5123)4
6(9a5141)4
6(9a5303)4
6(9a5501)4
6(9a6122)4
6(9a6131)4
6(9a6302)4
6(9a6401)4
66(771)3
66(825)3
66(861)3
66(6770)3
66(6815)3
66(6860)3
66(8273)3
66(8570)3
66(8813)3
66(8840)3
66(9245)3
66(9263)3
66(9515)3
66(9560)3
66(9713)3
66(9740)3
66(66805)3
66(68173)3
66(68803)3
66(69145)3
66(69163)3
66(69505)3
66(69703)3
66(72736)3
66(75805)3
66(78172)3
66(78802)3
66(79135)3
66(79162)3
66(79405)3
66(79702)3
66(92473)3
66(92572)3
66(92833)3
66(92842)3
66(95173)3
66(95803)3
66(96172)3
66(96802)3
66(99133)3
66(99142)3
66(99403)3
66(99502)3
66(a2445)3
66(a2463)3
66(a2535)3
66(a2562)3
66(a2733)3
66(a2742)3
66(a5145)3
66(a5163)3
66(a5505)3
66(a5703)3
66(a6135)3
66(a6162)3
66(a6405)3
66(a6702)3
66(a8133)3
66(a8142)3
66(a8403)3
66(a8502)3
66(668073)3
66(669045)3
66(669063)3
66(671736)3
66(678072)3
66(679035)3
66(679062)3
66(691473)3
66(691572)3
66(691833)3
66(691842)3
66(695073)3
66(696072)3
66(699033)3
66(699042)3
66(6a1445)3
66(6a1463)3
66(6a1535)3
66(6a1562)3
66(6a1733)3
66(6a1742)3
66(6a5045)3
66(6a5063)3
66(6a6035)3
66(6a6062)3
66(6a8033)3
66(6a8042)3
66(726726)3
66(728346)3
66(728526)3
66(758073)3
66(759045)3
66(759063)3
66(778071)3
66(779025)3
66(779061)3
66(791373)3
66(791571)3
66(791823)3
66(791841)3
66(794073)3
66(796071)3
66(799023)3
66(799041)3
66(7a1345)3
66(7a1363)3
66(7a1525)3
66(7a1561)3
66(7a1723)3
66(7a1741)3
66(7a4045)3
66(7a4063)3
66(7a6025)3
66(7a6061)3
66(7a8023)3
66(7a8041)3
66(824736)3
66(828372)3
66(828471)3
66(828822)3
66(828831)3
66(829335)3
66(829362)3
66(829425)3
66(829461)3
66(829722)3
66(829731)3
66(851736)3
66(858072)3
66(859035)3
66(859062)3
66(868071)3
66(869025)3
66(869061)3
66(891372)3
66(891471)3
66(891822)3
66(891831)3
66(894072)3
66(895071)3
66(899022)3
66(899031)3
66(8a1335)3
66(8a1362)3
66(8a1425)3
66(8a1461)3
66(8a1722)3
66(8a1731)3
66(8a4035)3
66(8a4062)3
66(8a5025)3
66(8a5061)3
66(8a8022)3
66(8a8031)3
66(a24473)3
66(a24572)3
66(a24833)3
66(a24842)3
66(a25373)3
66(a25571)3
66(a25823)3
66(a25841)3
66(a26372)3
66(a26471)3
66(a26822)3
66(a26831)3
66(a29333)3
66(a29342)3
66(a29423)3
66(a29441)3
66(a29522)3
66(a29531)3
66(a51473)3
66(a51572)3
66(a51833)3
66(a51842)3
66(a55073)3
66(a56072)3
66(a59033)3
66(a59042)3
66(a61373)3
66(a61571)3
66(a61823)3
66(a61841)3
66(a64073)3
66(a66071)3
66(a69023)3
66(a69041)3
66(a71372)3
66(a71471)3
66(a71822)3
66(a71831)3
66(a74072)3
66(a75071)3
66(a79022)3
66(a79031)3
66(aa1333)3
66(aa1342)3
66(aa1423)3
66(aa1441)3
66(aa1522)3
66(aa1531)3
66(aa4033)3
66(aa4042)3
66(aa5023)3
66(aa5041)3
66(aa6022)3
66(aa6031)3
666(7805)2
666(8174)2
666(8804)2
666(9155)2
666(9164)2
666(9605)2
666(9704)2
666(68074)2
666(69055)2
666(69064)2
666(81772)2
666(81835)2
666(81862)2
666(88072)2
666(89035)2
666(89062)2
666(91474)2
666(91672)2
666(91834)2
666(91852)2
666(95074)2
666(97072)2
666(99034)2
666(99052)2
666(a1455)2
666(a1464)2
666(a1635)2
666(a1662)2
666(a1734)2
666(a1752)2
666(a5055)2
666(a5064)2
666(a7035)2
666(a7062)2
666(a8034)2
666(a8052)2
666(680772)2
666(680835)2
666(680862)2
666(690474)2
666(690672)2
666(690834)2
666(690852)2
666(6a0455)2
666(6a0464)2
666(6a0635)2
666(6a0662)2
666(6a0734)2
666(6a0752)2
666(717375)2
666(780771)2
666(780825)2
666(780861)2
666(790374)2
666(790671)2
666(790824)2
666(790851)2
666(7a0355)2
666(7a0364)2
666(7a0625)2
666(7a0661)2
666(7a0724)2
666(7a0751)2
666(914772)2
666(914835)2
666(914862)2
666(915771)2
666(915825)2
666(915861)2
666(918372)2
666(918471)2
666(918822)2
666(918831)2
666(919335)2
666(919362)2
666(919425)2
666(919461)2
666(919722)2
666(919731)2
666(950772)2
666(950835)2
666(950862)2
666(960771)2
666(960825)2
666(960861)2
666(990372)2
666(990471)2
666(990822)2
666(990831)2
666(9a0335)2
666(9a0362)2
666(9a0425)2
666(9a0461)2
666(9a0722)2
666(9a0731)2
666(a14474)2
666(a14672)2
666(a14834)2
666(a14852)2
666(a15374)2
666(a15671)2
666(a15824)2
666(a15851)2
666(a17372)2
666(a17471)2
666(a17822)2
666(a17831)2
666(a19334)2
666(a19352)2
666(a19424)2
666(a19451)2
666(a19622)2
666(a19631)2
666(a50474)2
666(a50672)2
666(a50834)2
666(a50852)2
666(a60374)2
666(a60671)2
666(a60824)2
666(a60851)2
666(a80372)2
666(a80471)2
666(a80822)2
666(a80831)2
666(aa0334)2
666(aa0352)2
666(aa0424)2
666(aa0451)2
666(aa0622)2
666(aa0631)2
6666(80773)1
6666(80845)1
6666(80863)1
6666(90574)1
6666(90673)1
6666(90844)1
6666(90853)1
6666(a0555)1
6666(a0564)1
6666(a0645)1
6666(a0663)1
6666(a0744)1
6666(a0753)1
6666(807771)1
6666(807825)1
6666(807861)1
6666(808374)1
6666(808671)1
6666(808824)1
6666(808851)1
6666(809355)1
6666(809364)1
6666(809625)1
6666(809661)1
6666(809724)1
6666(809751)1
6666(904773)1
6666(904845)1
6666(904863)1
6666(906771)1
6666(906825)1
6666(906861)1
6666(908373)1
6666(908571)1
6666(908823)1
6666(908841)1
6666(909345)1
6666(909363)1
6666(909525)1
6666(909561)1
6666(909723)1
6666(909741)1
6666(a04574)1
6666(a04673)1
6666(a04844)1
6666(a04853)1
6666(a06374)1
6666(a06671)1
6666(a06824)1
6666(a06851)1
6666(a07373)1
6666(a07571)1
6666(a07823)1
6666(a07841)1
6666(a09344)1
6666(a09353)1
6666(a09524)1
6666(a09551)1
6666(a09623)1
6666(a09641)1
7(933)44
7(942)44
7(7922)44
7(7931)44
7(a334)44
7(a352)44
7(a424)44
7(a451)44
7(a622)44
7(a631)44
7(47383)44
7(77911)44
7(77920)44
7(7a224)44
7(7a251)44
7(7a314)44
7(7a350)44
7(7a611)44
7(7a620)44
7(83923)44
7(83941)44
7(84913)44
7(84940)44
7(86911)44
7(86920)44
7(8a223)44
7(8a241)44
7(8a313)44
7(8a340)44
7(8a511)44
7(8a520)44
7(473934)44
7(473952)44
7(483483)44
7(485283)44
7(777900)44
7(77a114)44
7(77a150)44
7(77a204)44
7(77a600)44
7(782913)44
7(782940)44
7(783903)44
7(786900)44
7(78a113)44
7(78a140)44
7(78a203)44
7(78a500)44
7(837912)44
7(837930)44
7(83a234)44
7(83a252)44
7(83a414)44
7(83a450)44
7(83a612)44
7(83a630)44
7(847902)44
7(84a134)44
7(84a152)44
7(84a404)44
7(84a602)44
7(867900)44
7(86a114)44
7(86a150)44
7(86a204)44
7(86a600)44
7(882912)44
7(882930)44
7(883902)44
7(885900)44
7(88a112)44
7(88a130)44
7(88a202)44
7(88a400)44
7(935913)44
7(935940)44
7(936912)44
7(936930)44
7(93a233)44
7(93a242)44
7(93a413)44
7(93a440)44
7(93a512)44
7(93a530)44
7(945903)44
7(946902)44
7(94a133)44
7(94a142)44
7(94a403)44
7(94a502)44
7(962913)44
7(962940)44
7(963903)44
7(966900)44
7(96a113)44
7(96a140)44
7(96a203)44
7(96a500)44
7(972912)44
7(972930)44
7(973902)44
7(975900)44
7(97a112)44
7(97a130)44
7(97a202)44
7(97a400)44
67(82)34
67(3737)34
67(8480)34
67(8912)34
67(8930)34
67(a235)34
67(a262)34
67(a415)34
67(a460)34
67(a712)34
67(a730)34
67(38527)34
67(78181)34
67(78901)34
67(7a125)34
67(7a161)34
67(7a305)34
67(7a701)34
67(92581)34
67(92923)34
67(92941)34
67(94903)34
67(96181)34
67(96901)34
67(9a123)34
67(9a141)34
67(9a303)34
67(9a501)34
67(373935)34
67(373962)34
67(378237)34
67(378417)34
67(395517)34
67(396417)34
67(778080)34
67(77a015)34
67(77a060)34
67(791580)34
67(791913)34
67(791940)34
67(796080)34
67(79a013)34
67(79a040)34
67(84a035)34
67(84a062)34
67(868080)34
67(86a015)34
67(86a060)34
67(891480)34
67(891912)34
67(891930)34
67(895080)34
67(89a012)34
67(89a030)34
67(a23933)34
67(a23942)34
67(a25580)34
67(a25913)34
67(a25940)34
67(a26480)34
67(a26912)34
67(a26930)34
67(a2a233)34
67(a2a242)34
67(a2a413)34
67(a2a440)34
67(a2a512)34
67(a2a530)34
67(a41933)34
67(a41942)34
67(a4a033)34
67(a4a042)34
67(a61580)34
67(a61913)34
67(a61940)34
67(a66080)34
67(a6a013)34
67(a6a040)34
67(a71480)34
67(a71912)34
67(a71930)34
67(a75080)34
67(a7a012)34
67(a7a030)34
667(780)24
667(915)24
667(960)24
667(88081)24
667(8a025)24
667(8a061)24
667(91681)24
667(91924)24
667(91951)24
667(97081)24
667(9a024)24
667(9a051)24
667(285285)24
667(717717)24
667(718257)24
667(718617)24
667(790680)24
667(790914)24
667(790950)24
667(918282)24
667(918480)24
667(918912)24
667(918930)24
667(91a235)24
667(91a262)24
667(91a415)24
667(91a460)24
667(91a712)24
667(91a730)24
667(990282)24
667(990480)24
667(990912)24
667(990930)24
667(a13682)24
667(a13934)24
667(a13952)24
667(a15680)24
667(a15914)24
667(a15950)24
667(a17282)24
667(a17480)24
667(a17912)24
667(a17930)24
667(a1a234)24
667(a1a252)24
667(a1a414)24
667(a1a450)24
667(a1a612)24
667(a1a630)24
667(a40682)24
667(a40934)24
667(a40952)24
667(a60680)24
667(a60914)24
667(a60950)24
667(a80282)24
667(a80480)24
667(a80912)24
667(a80930)24
6667(a055)14
6667(a064)14
6667(808284)14
6667(906780)14
6667(906915)14
6667(906960)14
6667(908283)14
6667(908580)14
6667(908913)14
6667(908940)14
6667(90a245)14
6667(90a263)14
6667(90a515)14
6667(90a560)14
6667(90a713)14
6667(90a740)14
6667(a03683)14
6667(a03944)14
6667(a03953)14
6667(a06680)14
6667(a06914)14
6667(a06950)14
6667(a07283)14
6667(a07580)14
6667(a07913)14
6667(a07940)14
6667(a0a244)14
6667(a0a253)14
6667(a0a514)14
6667(a0a550)14
6667(a0a613)14
6667(a0a640)14
77(9281)33
77(9380)33
77(9911)33
77(9920)33
77(a226)33
77(a271)33
77(a316)33
77(a370)33
77(a811)33
77(a820)33
77(79180)33
77(79900)33
77(7a116)33
77(7a170)33
77(7a206)33
77(7a800)33
77(a2283)33
77(a2580)33
77(a2913)33
77(a2940)33
77(a3183)33
77(a3903)33
77(a6180)33
77(a6900)33
77(aa113)33
77(aa140)33
77(aa203)33
77(aa500)33
77(77a006)33
77(7a1183)33
77(7a1903)33
77(7a2083)33
77(7aa003)33
77(86a006)33
77(8a1182)33
77(8a1902)33
77(8a2082)33
77(8aa002)33
677(89080)23
677(8a016)23
677(8a070)23
677(a1284)23
677(a1680)23
677(a1914)23
677(a1950)23
677(a3084)23
677(a7080)23
677(aa014)23
677(aa050)23
677(7a0184)23
677(7a0904)23
677(919182)23
677(919902)23
677(91a136)23
677(91a172)23
677(91a406)23
677(91a802)23
677(9a0182)23
677(9a0902)23
6677(906)13
6677(182586)13
6677(186186)13
6677(807807)13
6677(809157)13
6677(809607)13
6677(909183)13
6677(909903)13
6677(90a146)13
6677(90a173)13
6677(90a506)13
6677(90a803)13
777(91906)22
777(9a006)22
777(a1185)22
777(a1905)22
777(a2085)22
777(aa005)22
777(7a0085)22
777(a11882)22
777(a11936)22
777(a11972)22
777(a19082)22
777(a1a036)22
777(a1a072)22
777(a20882)22
777(a20936)22
777(a20972)22
777(aa0082)22
6777(a01883)12
6777(a01946)12
6777(a01973)12
6777(a09083)12
6777(a0a046)12
6777(a0a073)12
7777(a00884)11
7777(a00956)11
7777(a00974)11
68(a23)344
68(a41)344
68(92a22)344
68(92a31)344
68(94a02)344
68(95a01)344
68(393393)344
68(394293)344
68(891a11)344
68(891a20)344
68(a24a13)344
68(a24a40)344
68(a26a11)344
68(a26a20)344
68(a51a13)344
68(a51a40)344
68(a71a11)344
68(a71a20)344
668(a14)244
668(a50)244
668(8a02)244
668(258258)244
668(294294)244
668(690690)244
668(918a11)244
668(918a20)244
668(990a11)244
668(990a20)244
668(a17a11)244
668(a17a20)244
668(a80a11)244
668(a80a20)244
6668(90a24)144
6668(90a51)144
78(a2a12)334
78(a2a30)334
78(a3a02)334
78(a5a00)334
78(8a1a01)334
678(91)234
678(2828)234
678(9a01)234
678(282a26)234
678(282a71)234
678(289128)234
678(289308)234
678(2a2358)234
678(2a4158)234
678(2a4608)234
678(2a7308)234
678(9a0a01)234
6678(a0690)134
6678(a0a14)134
6678(a0a50)134
778(a19091)224
778(aa0091)224
6778(a0a05)124
6688(a091)133
788(a1a090)223
79(3a23a2)3344
79(3a41a2)3344
79(4a14a1)3344
79(4a50a1)3344
6679(159159)1344
6679(159609)1344
6679(1a41a4)1344
6679(609609)1344
6789(a0)1234
6789(1919)1234
6789(19a019)1234
