5
64
663
744
753
6662
6734
6752
7463
7562
7733
7742
8444
8453
8534
8552
8633
8642
66661
66724
66751
67363
67561
67723
67741
68344
68353
68524
68551
68623
68641
74662
74734
74752
75661
75724
75751
77362
77461
77722
77731
78334
78352
78424
78451
78622
78631
84463
84562
84733
84742
85363
85561
85723
85741
86362
86461
86722
86731
88333
88342
88423
88441
88522
88531
94444
94453
94534
94552
94633
94642
95344
95353
95524
95551
95623
95641
96334
96352
96424
96451
96622
96631
97333
97342
97423
97441
97522
97531
6(73)4
6(672)4
6(834)4
6(852)4
6(6671)4
6(6824)4
6(6851)4
6(7571)4
6(7823)4
6(7841)4
6(9344)4
6(9353)4
6(9524)4
6(9551)4
6(9623)4
6(9641)4
6(66670)4
6(66814)4
6(66850)4
6(67570)4
6(67813)4
6(67840)4
6(69244)4
6(69253)4
6(69514)4
6(69550)4
6(69613)4
6(69640)4
6(75670)4
6(75814)4
6(75850)4
6(77272)4
6(77470)4
6(77812)4
6(77830)4
6(79234)4
6(79252)4
6(79414)4
6(79450)4
6(79612)4
6(79630)4
6(83572)4
6(83833)4
6(83842)4
6(85570)4
6(85813)4
6(85840)4
6(86272)4
6(86470)4
6(86812)4
6(86830)4
6(89233)4
6(89242)4
6(89413)4
6(89440)4
6(89512)4
6(89530)4
6(a3444)4
6(a3453)4
6(a3534)4
6(a3552)4
6(a3633)4
6(a3642)4
6(a5244)4
6(a5253)4
6(a5514)4
6(a5550)4
6(a5613)4
6(a5640)4
6(a6234)4
6(a6252)4
6(a6414)4
6(a6450)4
6(a6612)4
6(a6630)4
6(a7233)4
6(a7242)4
6(a7413)4
6(a7440)4
6(a7512)4
6(a7530)4
66(771)3
66(861)3
66(6770)3
66(6860)3
66(8570)3
66(8813)3
66(8840)3
66(9263)3
66(9560)3
66(9713)3
66(9740)3
66(68803)3
66(69163)3
66(69703)3
66(72736)3
66(78172)3
66(78802)3
66(79162)3
66(79702)3
66(92572)3
66(92833)3
66(92842)3
66(95803)3
66(96172)3
66(96802)3
66(99133)3
66(99142)3
66(99403)3
66(99502)3
66(a2463)3
66(a2562)3
66(a2733)3
66(a2742)3
66(a5163)3
66(a5703)3
66(a6162)3
66(a6702)3
66(a8133)3
66(a8142)3
66(a8403)3
66(a8502)3
666(8156)2
666(8174)2
666(8804)2
666(9704)2
666(68056)2
666(68074)2
666(81736)2
666(81772)2
666(81862)2
666(88072)2
666(89062)2
666(91456)2
666(91474)2
666(95056)2
666(95074)2
666(97072)2
666(99034)2
666(99052)2
666(a1662)2
666(a1734)2
666(a1752)2
666(a7062)2
666(a8034)2
666(a8052)2
6666(80863)1
6666(90556)1
6666(90574)1
6666(90646)1
6666(90844)1
6666(90853)1
7(933)44
7(942)44
7(7922)44
7(7931)44
7(a334)44
7(a352)44
7(a424)44
7(a451)44
7(a622)44
7(a631)44
7(47383)44
7(77380)44
7(77911)44
7(77920)44
7(7a224)44
7(7a251)44
7(7a314)44
7(7a350)44
7(7a611)44
7(7a620)44
7(83581)44
7(83923)44
7(83941)44
7(84580)44
7(84913)44
7(84940)44
7(86911)44
7(86920)44
7(8a223)44
7(8a241)44
7(8a313)44
7(8a340)44
7(8a511)44
7(8a520)44
7(b3344)44
7(b3353)44
7(b3524)44
7(b3551)44
7(b3623)44
7(b3641)44
7(b4244)44
7(b4253)44
7(b4514)44
7(b4550)44
7(b4613)44
7(b4640)44
7(b6224)44
7(b6251)44
7(b6314)44
7(b6350)44
7(b6611)44
7(b6620)44
7(b7223)44
7(b7241)44
7(b7313)44
7(b7340)44
7(b7511)44
7(b7520)44
67(82)34
67(3737)34
67(8480)34
67(8912)34
67(8930)34
67(a262)34
67(a460)34
67(a712)34
67(a730)34
67(38527)34
67(78181)34
67(78901)34
67(7a161)34
67(7a701)34
67(92581)34
67(92923)34
67(92941)34
67(94903)34
67(96181)34
67(96901)34
67(9a123)34
67(9a141)34
67(9a303)34
67(9a501)34
67(b2363)34
67(b2561)34
67(b2723)34
67(b2741)34
67(b4163)34
67(b4703)34
67(b6161)34
67(b6701)34
67(b8123)34
67(b8141)34
67(b8303)34
67(b8501)34
667(780)24
667(960)24
667(88081)24
667(8a061)24
667(91357)24
667(91681)24
667(91924)24
667(91951)24
667(94057)24
667(97081)24
667(9a024)24
667(9a051)24
667(b1661)24
667(b1724)24
667(b1751)24
667(b7061)24
667(b8024)24
667(b8051)24
6667(8057)14
77(3827)33
77(4916)33
77(9281)33
77(9380)33
77(9911)33
77(9920)33
77(a226)33
77(a271)33
77(a316)33
77(a370)33
77(a811)33
77(a820)33
77(39247)33
77(39517)33
77(49183)33
77(4a146)33
77(4a506)33
77(72916)33
77(79180)33
77(79900)33
77(7a116)33
77(7a170)33
77(7a206)33
77(7a800)33
77(a2283)33
77(a2580)33
77(a2913)33
77(a2940)33
77(a3183)33
77(a3903)33
77(a6180)33
77(a6900)33
77(aa113)33
77(aa140)33
77(aa203)33
77(aa500)33
77(b2246)33
77(b2516)33
77(b2570)33
77(b2813)33
77(b2840)33
77(b3146)33
77(b3506)33
77(b3803)33
77(b6116)33
77(b6170)33
77(b6206)33
77(b6800)33
77(b9113)33
77(b9140)33
77(b9203)33
77(b9500)33
677(4a056)23
677(4a074)23
677(89080)23
677(8a016)23
677(8a070)23
677(a1257)23
677(a1284)23
677(a1680)23
677(a1914)23
677(a1950)23
677(a3057)23
677(a3084)23
677(a7080)23
677(aa014)23
677(aa050)23
677(b1256)23
677(b1274)23
677(b1616)23
677(b1670)23
677(b1814)23
677(b1850)23
677(b3056)23
677(b3074)23
677(b7016)23
677(b7070)23
677(b9014)23
677(b9050)23
6677(906)13
777(39067)22
777(3a066)22
777(9a006)22
777(b1166)22
777(b1706)22
777(b2066)22
777(b8006)22
8(4592)444
8(b333)444
8(b342)444
8(b423)444
8(b441)444
8(b522)444
8(b531)444
8(45a24)444
8(45a51)444
8(85a11)444
8(85a20)444
8(8b222)444
8(8b231)444
8(8b312)444
8(8b330)444
8(8b411)444
8(8b420)444
68(a23)344
68(a41)344
68(35a61)344
68(92a22)344
68(92a31)344
68(94a02)344
68(95a01)344
68(9b122)344
68(9b131)344
68(9b302)344
68(9b401)344
668(258)244
668(a14)244
668(a50)244
668(8a02)244
668(b162)244
668(b702)244
6668(b063)144
6668(90358)144
6668(90a24)144
6668(90a51)144
78(35a16)334
78(35a70)334
78(45a06)334
78(4b136)334
78(4b406)334
78(69190)334
78(a2a12)334
78(a2a30)334
78(a3a02)334
78(a5a00)334
78(ab112)334
78(ab130)334
78(ab202)334
78(ab400)334
678(91)234
678(2828)234
678(4a06)234
678(9a01)234
678(b126)234
678(b171)234
678(b306)234
678(b801)234
6678(a0690)134
88(3b227)333
88(3b317)333
88(b2390)333
88(b2a11)333
88(b2a20)333
88(b3a01)333
88(b4190)333
88(b4a00)333
88(bb111)333
88(bb120)333
88(bb201)333
88(bb300)333
6688(b027)133
6688(b081)133
9(455a1)4444
9(45b23)4444
9(45b41)4444
9(75b11)4444
9(75b20)4444
69(35a2)3444
669(25b61)2444
6669(1559)1444
6669(15a4)1444
6669(6059)1444
6669(18529)1444
6669(905a1)1444
79(b22)3344
79(b31)3344
679(25b16)2344
679(25b70)2344
679(a1b12)2344
679(a1b30)2344
6679(159)1344
6679(b04)1344
6679(405a6)1344
6679(a05a0)1344
6679(a0b13)1344
6679(a0b40)1344
779(9b00)2244
689(4a0a1)2334
689(b1b11)2334
689(b1b20)2334
6789(a0)1234
6789(1919)1234
6699(1b229)1333
6699(1b319)1333
7799(1a09)1133
6a(355b1)34444
66a(2535a)24444
666a(805b1)14444
7a(35b1)33444
7a(45b0)33444
677a(305b6)12444
67b(2525b)234444
67b(4505b)234444
667b(4055b)134444
777b(9005b)114444
668b(405b)133444
